#Coor		Free	+/-		Prob		+/-
2.570000	8.238186	0.272665	0.000000	0.000000
2.710000	7.305980	0.050968	0.000001	0.000000
2.850000	6.328952	0.013256	0.000006	0.000000
2.990000	5.589404	0.008919	0.000021	0.000000
3.130000	4.903350	0.007530	0.000068	0.000001
3.270000	4.276609	0.007213	0.000195	0.000002
3.410000	3.652033	0.007129	0.000562	0.000007
3.550000	2.837027	0.006980	0.002233	0.000026
3.690000	1.866856	0.006122	0.011532	0.000120
3.830000	1.068037	0.005153	0.044566	0.000389
3.970000	0.504668	0.003985	0.115625	0.000781
4.110000	0.134116	0.003278	0.216467	0.001202
4.250000	0.000000	0.002040	0.271619	0.000938
4.390000	0.270979	0.003822	0.171713	0.001110
4.530000	0.668771	0.004513	0.087588	0.000668
4.670000	1.094338	0.005602	0.042626	0.000404
4.810000	1.559459	0.006508	0.019401	0.000213
4.950000	2.036365	0.006334	0.008656	0.000093
5.090000	2.533796	0.008149	0.003730	0.000051
5.230000	3.031417	0.009243	0.001607	0.000025
5.370000	3.450335	0.009398	0.000791	0.000013
5.510000	3.765924	0.009098	0.000464	0.000007
5.650000	4.091427	0.010211	0.000267	0.000005
5.790000	4.565773	0.010471	0.000120	0.000002
5.930000	4.996742	0.010890	0.000058	0.000001
6.070000	5.394698	0.011152	0.000029	0.000001
6.210000	5.669476	0.012143	0.000018	0.000000
6.350000	5.866728	0.012679	0.000013	0.000000
6.490000	6.059365	0.012030	0.000010	0.000000
6.630000	6.261770	0.012334	0.000007	0.000000
6.770000	6.598801	0.013287	0.000004	0.000000
6.910000	7.000538	0.013063	0.000002	0.000000
7.050000	7.371210	0.013551	0.000001	0.000000
7.190000	7.772073	0.014051	0.000001	0.000000
7.330000	8.176798	0.014480	0.000000	0.000000
7.470000	8.545281	0.014080	0.000000	0.000000
7.610000	8.884721	0.014638	0.000000	0.000000
7.750000	9.242869	0.014926	0.000000	0.000000
7.890000	9.565163	0.015396	0.000000	0.000000
8.030000	9.866036	0.015391	0.000000	0.000000
8.170000	10.182567	0.015451	0.000000	0.000000
8.310000	10.523593	0.015846	0.000000	0.000000
8.450000	10.867311	0.015277	0.000000	0.000000
8.590000	11.196322	0.016034	0.000000	0.000000
8.730000	11.491336	0.015865	0.000000	0.000000
8.870000	11.764020	0.015973	0.000000	0.000000
9.010000	12.016020	0.016172	0.000000	0.000000
9.150000	12.233384	0.016310	0.000000	0.000000
9.290000	12.418715	0.016730	0.000000	0.000000
9.430000	12.581103	0.017179	0.000000	0.000000
9.570000	12.701295	0.017149	0.000000	0.000000
9.710000	12.772630	0.017642	0.000000	0.000000
9.850000	12.856178	0.017495	0.000000	0.000000
9.990000	12.932598	0.017850	0.000000	0.000000
10.130000	12.982327	0.017733	0.000000	0.000000
10.270000	13.056407	0.018529	0.000000	0.000000
10.410000	13.139152	0.018188	0.000000	0.000000
10.550000	13.176874	0.018549	0.000000	0.000000
10.690000	13.199166	0.018582	0.000000	0.000000
10.830000	13.203311	0.018838	0.000000	0.000000
10.970000	13.177312	0.018974	0.000000	0.000000
11.110000	13.171108	0.019199	0.000000	0.000000
11.250000	13.212741	0.019909	0.000000	0.000000
11.390000	13.379432	0.020413	0.000000	0.000000
11.530000	13.513499	0.020024	0.000000	0.000000
11.670000	13.646198	0.020663	0.000000	0.000000
11.810000	13.725994	0.020334	0.000000	0.000000
11.950000	13.794478	0.020552	0.000000	0.000000
12.090000	13.829473	0.020922	0.000000	0.000000
12.230000	13.842124	0.021297	0.000000	0.000000
12.370000	13.899870	0.021300	0.000000	0.000000
12.510000	13.942789	0.021651	0.000000	0.000000
12.650000	13.939116	0.021642	0.000000	0.000000
12.790000	13.942713	0.021614	0.000000	0.000000
12.930000	13.987533	0.021705	0.000000	0.000000
13.070000	14.016677	0.022373	0.000000	0.000000
13.210000	13.984488	0.022322	0.000000	0.000000
13.350000	14.030328	0.023458	0.000000	0.000000
13.490000	14.074161	0.023213	0.000000	0.000000
13.630000	14.076526	0.023603	0.000000	0.000000
13.770000	14.094302	0.023826	0.000000	0.000000
13.910000	14.163649	0.024428	0.000000	0.000000
14.050000	14.199959	0.024571	0.000000	0.000000
14.190000	14.236884	0.024516	0.000000	0.000000
14.330000	14.319194	0.024906	0.000000	0.000000
14.470000	14.398513	0.024846	0.000000	0.000000
14.610000	14.442841	0.024680	0.000000	0.000000
14.750000	14.519596	0.025014	0.000000	0.000000
14.890000	14.646985	0.024968	0.000000	0.000000
15.030000	14.766387	0.024690	0.000000	0.000000
15.170000	14.868869	0.025098	0.000000	0.000000
15.310000	14.923354	0.025870	0.000000	0.000000
15.450000	14.908187	0.025583	0.000000	0.000000
15.590000	14.889155	0.025782	0.000000	0.000000
15.730000	14.851852	0.026527	0.000000	0.000000
15.870000	14.907662	0.026723	0.000000	0.000000
16.010000	14.974869	0.026746	0.000000	0.000000
16.150000	15.009759	0.027148	0.000000	0.000000
16.290000	15.038298	0.027700	0.000000	0.000000
16.430000	15.100680	0.027529	0.000000	0.000000
16.570000	15.127271	0.027879	0.000000	0.000000
16.710000	15.126421	0.027729	0.000000	0.000000
16.850000	15.167312	0.028274	0.000000	0.000000
16.990000	15.197439	0.027725	0.000000	0.000000
17.130000	15.206915	0.028094	0.000000	0.000000
17.270000	15.203854	0.028147	0.000000	0.000000
17.410000	15.244310	0.028327	0.000000	0.000000
17.550000	15.260385	0.028428	0.000000	0.000000
17.690000	15.224890	0.028182	0.000000	0.000000
17.830000	15.221180	0.029744	0.000000	0.000000
17.970000	15.238749	0.029443	0.000000	0.000000
18.110000	15.229563	0.029966	0.000000	0.000000
18.250000	15.202504	0.029530	0.000000	0.000000
18.390000	15.224428	0.029606	0.000000	0.000000
18.530000	15.219658	0.029617	0.000000	0.000000
18.670000	15.175770	0.029885	0.000000	0.000000
18.810000	15.169170	0.030753	0.000000	0.000000
18.950000	15.183559	0.031603	0.000000	0.000000
19.090000	15.164664	0.031089	0.000000	0.000000
19.230000	15.137258	0.031258	0.000000	0.000000
19.370000	15.153979	0.031221	0.000000	0.000000
19.510000	15.164089	0.031353	0.000000	0.000000
19.650000	15.165125	0.031508	0.000000	0.000000
19.790000	15.168684	0.031482	0.000000	0.000000
19.930000	15.191045	0.031470	0.000000	0.000000
20.070000	15.189338	0.031467	0.000000	0.000000
20.210000	15.161198	0.031343	0.000000	0.000000
20.350000	15.164157	0.032371	0.000000	0.000000
20.490000	15.187343	0.032121	0.000000	0.000000
20.630000	15.186221	0.032218	0.000000	0.000000
20.770000	15.166694	0.031827	0.000000	0.000000
20.910000	15.182405	0.031998	0.000000	0.000000
21.050000	15.173884	0.031868	0.000000	0.000000
21.190000	15.134016	0.031309	0.000000	0.000000
21.330000	15.122400	0.032561	0.000000	0.000000
21.470000	15.138264	0.032660	0.000000	0.000000
21.610000	15.138369	0.032923	0.000000	0.000000
21.750000	15.114060	0.032783	0.000000	0.000000
21.890000	15.125335	0.032376	0.000000	0.000000
22.030000	15.134314	0.033036	0.000000	0.000000
22.170000	15.108734	0.032896	0.000000	0.000000
22.310000	15.087927	0.032596	0.000000	0.000000
22.450000	15.089455	0.033503	0.000000	0.000000
22.590000	15.088453	0.032883	0.000000	0.000000
22.730000	15.039369	0.032981	0.000000	0.000000
22.870000	15.049712	0.033740	0.000000	0.000000
23.010000	15.042862	0.033240	0.000000	0.000000
23.150000	15.017323	0.033628	0.000000	0.000000
23.290000	14.993711	0.034398	0.000000	0.000000
23.430000	15.010547	0.034311	0.000000	0.000000
23.570000	15.015195	0.034452	0.000000	0.000000
23.710000	14.981739	0.034839	0.000000	0.000000
23.850000	14.991863	0.034954	0.000000	0.000000
23.990000	14.994253	0.034744	0.000000	0.000000
24.130000	14.976506	0.034570	0.000000	0.000000
24.270000	14.959972	0.034797	0.000000	0.000000
24.410000	14.975846	0.035745	0.000000	0.000000
24.550000	14.966089	0.035870	0.000000	0.000000
24.690000	14.930388	0.035935	0.000000	0.000000
24.830000	14.916131	0.036458	0.000000	0.000000
24.970000	14.923189	0.036001	0.000000	0.000000
25.110000	14.900797	0.036374	0.000000	0.000000
25.250000	14.867973	0.036440	0.000000	0.000000
25.390000	14.882662	0.036896	0.000000	0.000000
25.530000	14.883012	0.036801	0.000000	0.000000
25.670000	14.847929	0.036625	0.000000	0.000000
25.810000	14.838203	0.036405	0.000000	0.000000
25.950000	14.857018	0.037044	0.000000	0.000000
26.090000	14.841215	0.037181	0.000000	0.000000
26.230000	14.810114	0.036558	0.000000	0.000000
26.370000	14.811005	0.036981	0.000000	0.000000
26.510000	14.807004	0.037403	0.000000	0.000000
26.650000	14.771811	0.036911	0.000000	0.000000
26.790000	14.734508	0.037434	0.000000	0.000000
26.930000	14.742936	0.037875	0.000000	0.000000
27.070000	14.720278	0.038186	0.000000	0.000000
27.210000	14.658923	0.037844	0.000000	0.000000
27.350000	14.650054	0.038161	0.000000	0.000000
27.490000	14.649996	0.038337	0.000000	0.000000
27.630000	14.634488	0.038204	0.000000	0.000000
27.770000	14.607043	0.038633	0.000000	0.000000
27.910000	14.623132	0.038959	0.000000	0.000000
28.050000	14.617862	0.038810	0.000000	0.000000
28.190000	14.569487	0.038771	0.000000	0.000000
28.330000	14.548724	0.039309	0.000000	0.000000
28.470000	14.577869	0.039063	0.000000	0.000000
28.610000	14.569667	0.039260	0.000000	0.000000
28.750000	14.534194	0.039581	0.000000	0.000000
28.890000	14.543585	0.039401	0.000000	0.000000
29.030000	14.530686	0.039437	0.000000	0.000000
29.170000	14.494566	0.039488	0.000000	0.000000
29.310000	14.474685	0.038994	0.000000	0.000000
29.450000	14.495489	0.039394	0.000000	0.000000
29.590000	14.474718	0.039539	0.000000	0.000000
29.730000	14.446197	0.038666	0.000000	0.000000
29.870000	14.433359	0.039140	0.000000	0.000000
30.010000	14.446610	0.039328	0.000000	0.000000
30.150000	14.421465	0.039665	0.000000	0.000000
30.290000	14.369961	0.040777	0.000000	0.000000
30.430000	14.303197	0.042299	0.000000	0.000000
#Window		Free	+/-	
#0	0.000000	0.000000
#1	-2.748523	0.004690
#2	-4.582858	0.006049
#3	-4.493873	0.007806
#4	-3.050095	0.009517
#5	-1.416089	0.011329
#6	-0.021805	0.012585
#7	1.051455	0.013700
#8	2.084349	0.014646
#9	3.455849	0.015604
#10	4.695869	0.016349
#11	5.857406	0.016631
#12	6.921209	0.016819
#13	7.617159	0.017603
#14	7.943146	0.018425
#15	8.167183	0.019015
#16	8.212846	0.019849
#17	8.478783	0.020887
#18	8.810947	0.021302
#19	8.940923	0.022035
#20	9.009944	0.022769
#21	9.081653	0.024097
#22	9.204282	0.025084
#23	9.418205	0.025511
#24	9.737534	0.025540
#25	9.916123	0.026383
#26	9.978711	0.027301
#27	10.122160	0.028075
#28	10.209152	0.028335
#29	10.259268	0.028731
#30	10.249281	0.029830
#31	10.228242	0.030082
#32	10.189934	0.031575
#33	10.181800	0.031863
#34	10.201750	0.031959
#35	10.199462	0.032618
#36	10.187212	0.032314
#37	10.153864	0.033017
#38	10.142762	0.033173
#39	10.103553	0.033489
#40	10.056587	0.033888
#41	10.026109	0.034864
#42	10.006704	0.035234
#43	9.980683	0.036111
#44	9.930881	0.036711
#45	9.893105	0.037149
#46	9.862568	0.037346
#47	9.815693	0.037589
#48	9.739875	0.038409
#49	9.664900	0.038845
#50	9.627406	0.039364
#51	9.585409	0.039705
#52	9.545688	0.039856
#53	9.498891	0.039715
#54	9.452279	0.039894
