#Coor		Free	+/-		Prob		+/-
2.570000	inf	nan	0.000000	0.000000
2.710000	inf	nan	0.000000	0.000000
2.850000	inf	nan	0.000000	0.000000
2.990000	6.171050	0.077951	0.000007	0.000001
3.130000	3.778701	0.016524	0.000374	0.000010
3.270000	2.021779	0.010262	0.007323	0.000128
3.410000	0.874073	0.008532	0.051075	0.000739
3.550000	0.291961	0.005938	0.136785	0.001380
3.690000	0.072159	0.005110	0.198420	0.001718
3.830000	0.000000	0.004516	0.224191	0.001714
3.970000	0.127186	0.004173	0.180777	0.001276
4.110000	0.396916	0.005769	0.114525	0.001113
4.250000	0.859359	0.008885	0.052363	0.000786
4.390000	1.424756	0.009066	0.020113	0.000309
4.530000	1.982010	0.009755	0.007833	0.000129
4.670000	2.518147	0.011353	0.003161	0.000061
4.810000	2.979493	0.011206	0.001448	0.000027
4.950000	3.395218	0.012053	0.000717	0.000014
5.090000	3.764370	0.014195	0.000384	0.000009
5.230000	4.156033	0.014145	0.000198	0.000005
5.370000	4.528875	0.014337	0.000105	0.000003
5.510000	4.820172	0.015925	0.000064	0.000002
5.650000	5.059743	0.016324	0.000043	0.000001
5.790000	5.324204	0.016276	0.000027	0.000001
5.930000	5.538295	0.017698	0.000019	0.000001
6.070000	5.713324	0.017230	0.000014	0.000000
6.210000	5.894063	0.017921	0.000010	0.000000
6.350000	6.094638	0.019183	0.000007	0.000000
6.490000	6.284424	0.020484	0.000005	0.000000
6.630000	6.491951	0.019061	0.000004	0.000000
6.770000	6.792322	0.019557	0.000002	0.000000
6.910000	7.126092	0.018842	0.000001	0.000000
7.050000	7.430638	0.021597	0.000001	0.000000
7.190000	7.770751	0.022764	0.000000	0.000000
7.330000	8.141528	0.023082	0.000000	0.000000
7.470000	8.495807	0.023474	0.000000	0.000000
7.610000	8.798110	0.025126	0.000000	0.000000
7.750000	9.128457	0.022348	0.000000	0.000000
7.890000	9.452397	0.021644	0.000000	0.000000
8.030000	9.739918	0.022404	0.000000	0.000000
8.170000	10.041530	0.024303	0.000000	0.000000
8.310000	10.383869	0.021796	0.000000	0.000000
8.450000	10.673690	0.023787	0.000000	0.000000
8.590000	10.950621	0.023591	0.000000	0.000000
8.730000	11.256801	0.022084	0.000000	0.000000
8.870000	11.572599	0.022898	0.000000	0.000000
9.010000	11.832822	0.023681	0.000000	0.000000
9.150000	12.071118	0.024022	0.000000	0.000000
9.290000	12.332335	0.025546	0.000000	0.000000
9.430000	12.571886	0.024633	0.000000	0.000000
9.570000	12.760113	0.022801	0.000000	0.000000
9.710000	12.916728	0.023445	0.000000	0.000000
9.850000	13.089675	0.024768	0.000000	0.000000
9.990000	13.237323	0.024383	0.000000	0.000000
10.130000	13.321090	0.024124	0.000000	0.000000
10.270000	13.449984	0.024979	0.000000	0.000000
10.410000	13.587261	0.025391	0.000000	0.000000
10.550000	13.690772	0.023919	0.000000	0.000000
10.690000	13.785094	0.024138	0.000000	0.000000
10.830000	13.908806	0.024929	0.000000	0.000000
10.970000	14.038039	0.025237	0.000000	0.000000
11.110000	14.159751	0.025563	0.000000	0.000000
11.250000	14.303774	0.024522	0.000000	0.000000
11.390000	14.490975	0.028318	0.000000	0.000000
11.530000	14.639800	0.026530	0.000000	0.000000
11.670000	14.744660	0.026121	0.000000	0.000000
11.810000	14.887701	0.026946	0.000000	0.000000
11.950000	15.018961	0.027624	0.000000	0.000000
12.090000	15.106405	0.026154	0.000000	0.000000
12.230000	15.194404	0.027502	0.000000	0.000000
12.370000	15.283402	0.026941	0.000000	0.000000
12.510000	15.381674	0.025916	0.000000	0.000000
12.650000	15.447747	0.027529	0.000000	0.000000
12.790000	15.543120	0.028575	0.000000	0.000000
12.930000	15.663907	0.031180	0.000000	0.000000
13.070000	15.750993	0.031344	0.000000	0.000000
13.210000	15.801229	0.030953	0.000000	0.000000
13.350000	15.890432	0.031932	0.000000	0.000000
13.490000	15.954232	0.031085	0.000000	0.000000
13.630000	15.983059	0.032558	0.000000	0.000000
13.770000	16.021876	0.033235	0.000000	0.000000
13.910000	16.089038	0.033116	0.000000	0.000000
14.050000	16.146041	0.032760	0.000000	0.000000
14.190000	16.163473	0.031414	0.000000	0.000000
14.330000	16.218306	0.032346	0.000000	0.000000
14.470000	16.287025	0.031406	0.000000	0.000000
14.610000	16.309068	0.031789	0.000000	0.000000
14.750000	16.332722	0.031556	0.000000	0.000000
14.890000	16.360079	0.033855	0.000000	0.000000
15.030000	16.383356	0.032545	0.000000	0.000000
15.170000	16.371784	0.032302	0.000000	0.000000
15.310000	16.373570	0.037143	0.000000	0.000000
15.450000	16.390962	0.035303	0.000000	0.000000
15.590000	16.390044	0.035199	0.000000	0.000000
15.730000	16.370537	0.036290	0.000000	0.000000
15.870000	16.409207	0.035013	0.000000	0.000000
16.010000	16.461751	0.035895	0.000000	0.000000
16.150000	16.518028	0.035373	0.000000	0.000000
16.290000	16.605967	0.037020	0.000000	0.000000
16.430000	16.706578	0.036863	0.000000	0.000000
16.570000	16.775670	0.037131	0.000000	0.000000
16.710000	16.801470	0.036979	0.000000	0.000000
16.850000	16.836096	0.040074	0.000000	0.000000
16.990000	16.854307	0.037879	0.000000	0.000000
17.130000	16.849518	0.038372	0.000000	0.000000
17.270000	16.849261	0.038415	0.000000	0.000000
17.410000	16.855242	0.038357	0.000000	0.000000
17.550000	16.846557	0.037474	0.000000	0.000000
17.690000	16.816714	0.038897	0.000000	0.000000
17.830000	16.795276	0.039306	0.000000	0.000000
17.970000	16.809366	0.039900	0.000000	0.000000
18.110000	16.799799	0.038706	0.000000	0.000000
18.250000	16.792135	0.039082	0.000000	0.000000
18.390000	16.843035	0.039149	0.000000	0.000000
18.530000	16.877252	0.040223	0.000000	0.000000
18.670000	16.882334	0.039517	0.000000	0.000000
18.810000	16.894423	0.039378	0.000000	0.000000
18.950000	16.917047	0.039968	0.000000	0.000000
19.090000	16.929494	0.039677	0.000000	0.000000
19.230000	16.918447	0.040866	0.000000	0.000000
19.370000	16.945231	0.040918	0.000000	0.000000
19.510000	16.966683	0.041307	0.000000	0.000000
19.650000	16.963568	0.040764	0.000000	0.000000
19.790000	16.959361	0.041611	0.000000	0.000000
19.930000	16.998703	0.040407	0.000000	0.000000
20.070000	17.016100	0.041025	0.000000	0.000000
20.210000	16.999040	0.043431	0.000000	0.000000
20.350000	17.009337	0.042861	0.000000	0.000000
20.490000	17.029193	0.044315	0.000000	0.000000
20.630000	16.999844	0.043834	0.000000	0.000000
20.770000	16.987780	0.044493	0.000000	0.000000
20.910000	17.016949	0.045048	0.000000	0.000000
21.050000	17.038238	0.045672	0.000000	0.000000
21.190000	17.024910	0.045910	0.000000	0.000000
21.330000	17.043145	0.047046	0.000000	0.000000
21.470000	17.061912	0.048021	0.000000	0.000000
21.610000	17.054179	0.047194	0.000000	0.000000
21.750000	17.023504	0.047111	0.000000	0.000000
21.890000	17.039762	0.048865	0.000000	0.000000
22.030000	17.051702	0.047503	0.000000	0.000000
22.170000	17.030693	0.048547	0.000000	0.000000
22.310000	17.010211	0.048345	0.000000	0.000000
22.450000	17.023410	0.049692	0.000000	0.000000
22.590000	17.010623	0.048365	0.000000	0.000000
22.730000	16.962694	0.050187	0.000000	0.000000
22.870000	16.971735	0.049856	0.000000	0.000000
23.010000	16.981435	0.049959	0.000000	0.000000
23.150000	16.960494	0.050025	0.000000	0.000000
23.290000	16.939270	0.049682	0.000000	0.000000
23.430000	16.967117	0.052158	0.000000	0.000000
23.570000	16.961181	0.052359	0.000000	0.000000
23.710000	16.939349	0.053988	0.000000	0.000000
23.850000	16.951860	0.054323	0.000000	0.000000
23.990000	16.978592	0.054767	0.000000	0.000000
24.130000	16.975645	0.054604	0.000000	0.000000
24.270000	16.956917	0.054598	0.000000	0.000000
24.410000	16.960764	0.054514	0.000000	0.000000
24.550000	16.927484	0.054764	0.000000	0.000000
24.690000	16.906115	0.054699	0.000000	0.000000
24.830000	16.900863	0.055418	0.000000	0.000000
24.970000	16.923970	0.054653	0.000000	0.000000
25.110000	16.915385	0.056824	0.000000	0.000000
25.250000	16.879695	0.054404	0.000000	0.000000
25.390000	16.895613	0.054783	0.000000	0.000000
25.530000	16.889363	0.056328	0.000000	0.000000
25.670000	16.864102	0.056655	0.000000	0.000000
25.810000	16.851731	0.056160	0.000000	0.000000
25.950000	16.860784	0.057010	0.000000	0.000000
26.090000	16.853087	0.057694	0.000000	0.000000
26.230000	16.821228	0.058454	0.000000	0.000000
26.370000	16.838135	0.059244	0.000000	0.000000
26.510000	16.846319	0.058834	0.000000	0.000000
26.650000	16.822778	0.060381	0.000000	0.000000
26.790000	16.803261	0.058734	0.000000	0.000000
26.930000	16.816916	0.058325	0.000000	0.000000
27.070000	16.822744	0.056462	0.000000	0.000000
27.210000	16.770216	0.058560	0.000000	0.000000
27.350000	16.770944	0.057183	0.000000	0.000000
27.490000	16.777436	0.058626	0.000000	0.000000
27.630000	16.781607	0.058694	0.000000	0.000000
27.770000	16.741771	0.058567	0.000000	0.000000
27.910000	16.763959	0.060016	0.000000	0.000000
28.050000	16.760126	0.060492	0.000000	0.000000
28.190000	16.733339	0.059599	0.000000	0.000000
28.330000	16.730928	0.058140	0.000000	0.000000
28.470000	16.764037	0.058476	0.000000	0.000000
28.610000	16.763549	0.058507	0.000000	0.000000
28.750000	16.733931	0.060099	0.000000	0.000000
28.890000	16.718729	0.058887	0.000000	0.000000
29.030000	16.719240	0.059484	0.000000	0.000000
29.170000	16.695688	0.060547	0.000000	0.000000
29.310000	16.685767	0.058853	0.000000	0.000000
29.450000	16.692079	0.060338	0.000000	0.000000
29.590000	16.671104	0.058465	0.000000	0.000000
29.730000	16.654842	0.058807	0.000000	0.000000
29.870000	16.664992	0.057056	0.000000	0.000000
30.010000	16.665083	0.057739	0.000000	0.000000
30.150000	16.652617	0.056054	0.000000	0.000000
30.290000	16.613217	0.061001	0.000000	0.000000
30.430000	16.536417	0.068466	0.000000	0.000000
#Window		Free	+/-	
#0	0.000000	0.000000
#1	-2.335191	0.005331
#2	-2.553418	0.010293
#3	-1.282228	0.013734
#4	0.514223	0.016290
#5	1.870624	0.019873
#6	2.786291	0.021917
#7	3.483085	0.023127
#8	4.421541	0.023700
#9	5.621815	0.027007
#10	6.781100	0.026299
#11	7.880762	0.027299
#12	8.928300	0.026939
#13	9.812590	0.027276
#14	10.420035	0.027078
#15	10.852556	0.027140
#16	11.268252	0.028283
#17	11.785488	0.029683
#18	12.244114	0.029536
#19	12.578642	0.029404
#20	12.905339	0.032685
#21	13.159909	0.034238
#22	13.334837	0.035025
#23	13.497127	0.034093
#24	13.588718	0.035090
#25	13.607175	0.037461
#26	13.685057	0.037791
#27	13.939911	0.039226
#28	14.065411	0.040667
#29	14.063544	0.040353
#30	14.026435	0.041441
#31	14.080704	0.041525
#32	14.138052	0.041998
#33	14.177634	0.043189
#34	14.219051	0.043678
#35	14.233245	0.046030
#36	14.244597	0.047833
#37	14.270918	0.050029
#38	14.260660	0.050489
#39	14.230310	0.051701
#40	14.192116	0.052568
#41	14.178432	0.054797
#42	14.188468	0.057236
#43	14.159468	0.057513
#44	14.132566	0.058259
#45	14.105224	0.058476
#46	14.073747	0.059952
#47	14.055418	0.061824
#48	14.029845	0.060854
#49	13.995866	0.061248
#50	13.975701	0.062588
#51	13.972952	0.061588
#52	13.937132	0.062529
#53	13.901866	0.062048
#54	13.878580	0.060595
