#Coor		Free	+/-		Prob		+/-
2.514000	inf	nan	0.000000	0.000000
2.542000	inf	nan	0.000000	0.000000
2.570000	inf	nan	0.000000	0.000000
2.598000	8.633019	nan	0.000000	0.000000
2.626000	7.899264	0.178601	0.000000	0.000000
2.654000	7.993128	0.189579	0.000000	0.000000
2.682000	7.769460	0.140397	0.000000	0.000000
2.710000	7.460512	0.119952	0.000000	0.000000
2.738000	7.287524	0.065885	0.000000	0.000000
2.766000	7.208146	0.059112	0.000000	0.000000
2.794000	6.863861	0.032626	0.000001	0.000000
2.822000	6.716237	0.044032	0.000001	0.000000
2.850000	6.456219	0.024568	0.000001	0.000000
2.878000	6.301789	0.016931	0.000001	0.000000
2.906000	6.107912	0.024889	0.000002	0.000000
2.934000	5.979632	0.005695	0.000002	0.000000
2.962000	5.833357	0.015520	0.000003	0.000000
2.990000	5.648439	0.008957	0.000004	0.000000
3.018000	5.524606	0.015277	0.000005	0.000000
3.046000	5.362960	0.007032	0.000007	0.000000
3.074000	5.201134	0.014247	0.000009	0.000000
3.102000	5.081596	0.011252	0.000011	0.000000
3.130000	4.944189	0.010782	0.000013	0.000000
3.158000	4.813727	0.008102	0.000017	0.000000
3.186000	4.695589	0.005138	0.000020	0.000000
3.214000	4.567090	0.004931	0.000025	0.000000
3.242000	4.417029	0.012200	0.000033	0.000001
3.270000	4.336139	0.007262	0.000038	0.000000
3.298000	4.201905	0.009744	0.000047	0.000001
3.326000	4.067747	0.009421	0.000059	0.000001
3.354000	3.970415	0.004785	0.000070	0.000001
3.382000	3.840955	0.011936	0.000087	0.000002
3.410000	3.742253	0.011904	0.000103	0.000002
3.438000	3.583024	0.013896	0.000134	0.000003
3.466000	3.425657	0.008565	0.000176	0.000003
3.494000	3.257263	0.017453	0.000233	0.000007
3.522000	3.124681	0.012344	0.000292	0.000006
3.550000	2.914087	0.005165	0.000417	0.000004
3.578000	2.699543	0.013198	0.000600	0.000013
3.606000	2.497135	0.005911	0.000845	0.000008
3.634000	2.291126	0.004062	0.001197	0.000008
3.662000	2.094570	0.007297	0.001669	0.000021
3.690000	1.899621	0.007841	0.002322	0.000031
3.718000	1.727745	0.006532	0.003106	0.000034
3.746000	1.525408	0.008726	0.004374	0.000066
3.774000	1.389796	0.009143	0.005502	0.000085
3.802000	1.239698	0.002567	0.007094	0.000031
3.830000	1.092637	0.005466	0.009098	0.000084
3.858000	0.974159	0.008956	0.011118	0.000169
3.886000	0.841498	0.008264	0.013917	0.000193
3.914000	0.742152	0.006713	0.016464	0.000187
3.942000	0.640431	0.004961	0.019557	0.000164
3.970000	0.544112	0.005174	0.023020	0.000202
3.998000	0.452135	0.007613	0.026896	0.000344
4.026000	0.404022	0.008407	0.029178	0.000421
4.054000	0.295286	0.003951	0.035073	0.000235
4.082000	0.258258	0.003574	0.037341	0.000228
4.110000	0.150179	0.005003	0.044835	0.000382
4.138000	0.121639	0.007917	0.047054	0.000631
4.166000	0.044217	0.004167	0.053641	0.000376
4.194000	0.056427	0.004080	0.052544	0.000363
4.222000	0.000000	0.004663	0.057809	0.000458
4.250000	0.044342	0.004413	0.053630	0.000401
4.278000	0.046431	0.001080	0.053441	0.000097
4.306000	0.128160	0.008055	0.046537	0.000637
4.334000	0.168572	0.003604	0.043461	0.000266
4.362000	0.235082	0.003105	0.038835	0.000203
4.390000	0.311054	0.005616	0.034149	0.000322
4.418000	0.384580	0.003530	0.030154	0.000180
4.446000	0.455887	0.010357	0.026726	0.000470
4.474000	0.549815	0.006825	0.022798	0.000264
4.502000	0.631516	0.005923	0.019854	0.000198
4.530000	0.700076	0.003395	0.017679	0.000101
4.558000	0.812665	0.005741	0.014612	0.000142
4.586000	0.871029	0.006929	0.013238	0.000154
4.614000	0.988081	0.008402	0.010859	0.000153
4.642000	1.029455	0.006874	0.010125	0.000118
4.670000	1.156964	0.007843	0.008160	0.000107
4.698000	1.205731	0.006355	0.007513	0.000081
4.726000	1.337515	0.008536	0.006011	0.000086
4.754000	1.396478	0.009502	0.005441	0.000087
4.782000	1.522320	0.006007	0.004397	0.000044
4.810000	1.564244	0.006731	0.004096	0.000046
4.838000	1.704849	0.005086	0.003229	0.000027
4.866000	1.774272	0.009577	0.002871	0.000047
4.894000	1.877458	0.008676	0.002411	0.000035
4.922000	1.974241	0.007187	0.002047	0.000025
4.950000	2.068794	0.006783	0.001744	0.000020
4.978000	2.175401	0.009773	0.001456	0.000024
5.006000	2.249469	0.004804	0.001284	0.000010
5.034000	2.405234	0.009062	0.000987	0.000015
5.062000	2.461734	0.005062	0.000897	0.000008
5.090000	2.602380	0.004362	0.000707	0.000005
5.118000	2.672188	0.003874	0.000628	0.000004
5.146000	2.807819	0.008616	0.000499	0.000007
5.174000	2.870948	0.003602	0.000449	0.000003
5.202000	3.007871	0.004301	0.000356	0.000003
5.230000	3.055794	0.009682	0.000328	0.000005
5.258000	3.186478	0.004047	0.000263	0.000002
5.286000	3.222317	0.004977	0.000248	0.000002
5.314000	3.341755	0.004610	0.000202	0.000002
5.342000	3.400307	0.009679	0.000183	0.000003
5.370000	3.469969	0.007194	0.000163	0.000002
5.398000	3.557073	0.008892	0.000141	0.000002
5.426000	3.620660	0.009809	0.000126	0.000002
5.454000	3.693923	0.007486	0.000111	0.000001
5.482000	3.745061	0.009638	0.000102	0.000002
5.510000	3.801809	0.003555	0.000093	0.000001
5.538000	3.855199	0.004926	0.000085	0.000001
5.566000	3.945880	0.010262	0.000073	0.000001
5.594000	3.966749	0.007585	0.000070	0.000001
5.622000	4.091383	0.005635	0.000057	0.000001
5.650000	4.122063	0.011793	0.000054	0.000001
5.678000	4.249434	0.005048	0.000044	0.000000
5.706000	4.299713	0.009949	0.000040	0.000001
5.734000	4.416632	0.012255	0.000033	0.000001
5.762000	4.495534	0.013139	0.000029	0.000001
5.790000	4.606261	0.005939	0.000024	0.000000
5.818000	4.671664	0.003629	0.000021	0.000000
5.846000	4.795021	0.003921	0.000017	0.000000
5.874000	4.866293	0.006120	0.000015	0.000000
5.902000	4.949773	0.005695	0.000013	0.000000
5.930000	5.021687	0.010783	0.000012	0.000000
5.958000	5.119139	0.008485	0.000010	0.000000
5.986000	5.199270	0.011161	0.000009	0.000000
6.014000	5.269970	0.007411	0.000008	0.000000
6.042000	5.386714	0.004615	0.000006	0.000000
6.070000	5.435431	0.009307	0.000006	0.000000
6.098000	5.531777	0.007466	0.000005	0.000000
6.126000	5.593695	0.011999	0.000004	0.000000
6.154000	5.641582	0.010338	0.000004	0.000000
6.182000	5.672402	0.013281	0.000004	0.000000
6.210000	5.712592	0.010643	0.000004	0.000000
6.238000	5.755948	0.011057	0.000003	0.000000
6.266000	5.789285	0.015906	0.000003	0.000000
6.294000	5.828714	0.012891	0.000003	0.000000
6.322000	5.852804	0.005772	0.000003	0.000000
6.350000	5.894623	0.008322	0.000003	0.000000
6.378000	5.928406	0.009578	0.000003	0.000000
6.406000	5.977104	0.013744	0.000002	0.000000
6.434000	6.002993	0.011710	0.000002	0.000000
6.462000	6.043814	0.011448	0.000002	0.000000
6.490000	6.073498	0.011314	0.000002	0.000000
6.518000	6.149290	0.008645	0.000002	0.000000
6.546000	6.138581	0.012229	0.000002	0.000000
6.574000	6.223179	0.008167	0.000002	0.000000
6.602000	6.220871	0.010253	0.000002	0.000000
6.630000	6.331033	0.008801	0.000001	0.000000
6.658000	6.346786	0.011284	0.000001	0.000000
6.686000	6.425886	0.002649	0.000001	0.000000
6.714000	6.499141	0.007393	0.000001	0.000000
6.742000	6.546855	0.015831	0.000001	0.000000
6.770000	6.633689	0.011119	0.000001	0.000000
6.798000	6.698995	0.011431	0.000001	0.000000
6.826000	6.781130	0.013311	0.000001	0.000000
6.854000	6.857067	0.017662	0.000001	0.000000
6.882000	6.928196	0.017748	0.000000	0.000000
6.910000	7.016834	0.009996	0.000000	0.000000
6.938000	7.097464	0.012943	0.000000	0.000000
6.966000	7.186098	0.011092	0.000000	0.000000
6.994000	7.265649	0.014727	0.000000	0.000000
7.022000	7.320830	0.009733	0.000000	0.000000
7.050000	7.421228	0.007398	0.000000	0.000000
7.078000	7.467455	0.012603	0.000000	0.000000
7.106000	7.584364	0.016373	0.000000	0.000000
7.134000	7.632959	0.012911	0.000000	0.000000
7.162000	7.761472	0.007124	0.000000	0.000000
7.190000	7.812677	0.019436	0.000000	0.000000
7.218000	7.898234	0.010219	0.000000	0.000000
7.246000	7.968226	0.014572	0.000000	0.000000
7.274000	8.030619	0.016606	0.000000	0.000000
7.302000	8.118994	0.011880	0.000000	0.000000
7.330000	8.190346	0.017211	0.000000	0.000000
7.358000	8.266908	0.012083	0.000000	0.000000
7.386000	8.349539	0.024983	0.000000	0.000000
7.414000	8.416796	0.017055	0.000000	0.000000
7.442000	8.492412	0.012868	0.000000	0.000000
7.470000	8.568567	0.006128	0.000000	0.000000
7.498000	8.626349	0.015246	0.000000	0.000000
7.526000	8.751622	0.013669	0.000000	0.000000
7.554000	8.773187	0.013753	0.000000	0.000000
7.582000	8.886992	0.009910	0.000000	0.000000
7.610000	8.911389	0.018889	0.000000	0.000000
7.638000	9.028269	0.019441	0.000000	0.000000
7.666000	9.077016	0.016458	0.000000	0.000000
7.694000	9.137750	0.011564	0.000000	0.000000
7.722000	9.205470	0.009837	0.000000	0.000000
7.750000	9.259292	0.011916	0.000000	0.000000
7.778000	9.337211	0.011124	0.000000	0.000000
7.806000	9.398410	0.013253	0.000000	0.000000
7.834000	9.443816	0.017270	0.000000	0.000000
7.862000	9.524174	0.008871	0.000000	0.000000
7.890000	9.587874	0.009476	0.000000	0.000000
7.918000	9.652114	0.016485	0.000000	0.000000
7.946000	9.718291	0.013967	0.000000	0.000000
7.974000	9.769293	0.014111	0.000000	0.000000
8.002000	9.830200	0.012089	0.000000	0.000000
8.030000	9.890213	0.007039	0.000000	0.000000
8.058000	9.947227	0.017731	0.000000	0.000000
8.086000	10.025479	0.017329	0.000000	0.000000
8.114000	10.112331	0.018915	0.000000	0.000000
8.142000	10.153200	0.012911	0.000000	0.000000
8.170000	10.200046	0.009149	0.000000	0.000000
8.198000	10.300809	0.012944	0.000000	0.000000
8.226000	10.354194	0.013565	0.000000	0.000000
8.254000	10.404566	0.014157	0.000000	0.000000
8.282000	10.458350	0.008868	0.000000	0.000000
8.310000	10.557541	0.020609	0.000000	0.000000
8.338000	10.610171	0.013432	0.000000	0.000000
8.366000	10.678990	0.013445	0.000000	0.000000
8.394000	10.738604	0.018241	0.000000	0.000000
8.422000	10.847823	0.012965	0.000000	0.000000
8.450000	10.884294	0.013065	0.000000	0.000000
8.478000	10.947671	0.011436	0.000000	0.000000
8.506000	11.004591	0.014289	0.000000	0.000000
8.534000	11.111742	0.008099	0.000000	0.000000
8.562000	11.147280	0.019243	0.000000	0.000000
8.590000	11.234507	0.013961	0.000000	0.000000
8.618000	11.306824	0.012129	0.000000	0.000000
8.646000	11.383981	0.012946	0.000000	0.000000
8.674000	11.401878	0.017471	0.000000	0.000000
8.702000	11.467878	0.015621	0.000000	0.000000
8.730000	11.565356	0.008238	0.000000	0.000000
8.758000	11.575376	0.024410	0.000000	0.000000
8.786000	11.627312	0.024138	0.000000	0.000000
8.814000	11.670182	0.011864	0.000000	0.000000
8.842000	11.750891	0.021767	0.000000	0.000000
8.870000	11.778670	0.015355	0.000000	0.000000
8.898000	11.838671	0.015931	0.000000	0.000000
8.926000	11.869157	0.016406	0.000000	0.000000
8.954000	11.957599	0.016160	0.000000	0.000000
8.982000	11.987084	0.014985	0.000000	0.000000
9.010000	12.011954	0.021090	0.000000	0.000000
9.038000	12.092659	0.016768	0.000000	0.000000
9.066000	12.166518	0.017080	0.000000	0.000000
9.094000	12.178263	0.016312	0.000000	0.000000
9.122000	12.193848	0.018460	0.000000	0.000000
9.150000	12.295219	0.022020	0.000000	0.000000
9.178000	12.345191	0.010091	0.000000	0.000000
9.206000	12.359624	0.015333	0.000000	0.000000
9.234000	12.379028	0.019873	0.000000	0.000000
9.262000	12.450739	0.021608	0.000000	0.000000
9.290000	12.465458	0.017837	0.000000	0.000000
9.318000	12.476324	0.020513	0.000000	0.000000
9.346000	12.491695	0.013940	0.000000	0.000000
9.374000	12.575936	0.017195	0.000000	0.000000
9.402000	12.568068	0.016419	0.000000	0.000000
9.430000	12.598731	0.018077	0.000000	0.000000
9.458000	12.598575	0.022014	0.000000	0.000000
9.486000	12.668358	0.024073	0.000000	0.000000
9.514000	12.683259	0.020383	0.000000	0.000000
9.542000	12.674514	0.017171	0.000000	0.000000
9.570000	12.721608	0.013091	0.000000	0.000000
9.598000	12.771068	0.023961	0.000000	0.000000
9.626000	12.763061	0.016083	0.000000	0.000000
9.654000	12.775293	0.006228	0.000000	0.000000
9.682000	12.819630	0.016316	0.000000	0.000000
9.710000	12.826609	0.016570	0.000000	0.000000
9.738000	12.836074	0.019566	0.000000	0.000000
9.766000	12.837166	0.012341	0.000000	0.000000
9.794000	12.867793	0.011546	0.000000	0.000000
9.822000	12.867108	0.020918	0.000000	0.000000
9.850000	12.882827	0.015623	0.000000	0.000000
9.878000	12.875992	0.019392	0.000000	0.000000
9.906000	12.906121	0.017431	0.000000	0.000000
9.934000	12.913328	0.012768	0.000000	0.000000
9.962000	12.914336	0.018027	0.000000	0.000000
9.990000	12.948584	0.017149	0.000000	0.000000
10.018000	12.953176	0.012079	0.000000	0.000000
10.046000	12.958932	0.014608	0.000000	0.000000
10.074000	12.966421	0.017674	0.000000	0.000000
10.102000	13.025802	0.022513	0.000000	0.000000
10.130000	12.999315	0.015395	0.000000	0.000000
10.158000	13.029665	0.015171	0.000000	0.000000
10.186000	13.017190	0.008339	0.000000	0.000000
10.214000	13.082167	0.014702	0.000000	0.000000
10.242000	13.056685	0.009557	0.000000	0.000000
10.270000	13.101440	0.016165	0.000000	0.000000
10.298000	13.104711	0.009867	0.000000	0.000000
10.326000	13.118824	0.014548	0.000000	0.000000
10.354000	13.118051	0.010220	0.000000	0.000000
10.382000	13.137516	0.017468	0.000000	0.000000
10.410000	13.148181	0.009588	0.000000	0.000000
10.438000	13.154868	0.012423	0.000000	0.000000
10.466000	13.165200	0.012506	0.000000	0.000000
10.494000	13.153411	0.017674	0.000000	0.000000
10.522000	13.204600	0.014926	0.000000	0.000000
10.550000	13.199523	0.015534	0.000000	0.000000
10.578000	13.178478	0.014663	0.000000	0.000000
10.606000	13.183073	0.018100	0.000000	0.000000
10.634000	13.245532	0.015233	0.000000	0.000000
10.662000	13.234962	0.014472	0.000000	0.000000
10.690000	13.221009	0.014409	0.000000	0.000000
10.718000	13.205987	0.011934	0.000000	0.000000
10.746000	13.236885	0.020192	0.000000	0.000000
10.774000	13.223587	0.011113	0.000000	0.000000
10.802000	13.226278	0.015013	0.000000	0.000000
10.830000	13.225436	0.014456	0.000000	0.000000
10.858000	13.203541	0.020269	0.000000	0.000000
10.886000	13.204680	0.017575	0.000000	0.000000
10.914000	13.181500	0.011387	0.000000	0.000000
10.942000	13.184015	0.014669	0.000000	0.000000
10.970000	13.164048	0.012648	0.000000	0.000000
10.998000	13.183970	0.014897	0.000000	0.000000
11.026000	13.156781	0.016699	0.000000	0.000000
11.054000	13.199190	0.011052	0.000000	0.000000
11.082000	13.172950	0.013349	0.000000	0.000000
11.110000	13.165634	0.013610	0.000000	0.000000
11.138000	13.156297	0.016428	0.000000	0.000000
11.166000	13.213785	0.013967	0.000000	0.000000
11.194000	13.197005	0.017299	0.000000	0.000000
11.222000	13.201466	0.019930	0.000000	0.000000
11.250000	13.223685	0.017661	0.000000	0.000000
11.278000	13.266282	0.018543	0.000000	0.000000
11.306000	13.271928	0.014792	0.000000	0.000000
11.334000	13.301896	0.014784	0.000000	0.000000
11.362000	13.342080	0.013337	0.000000	0.000000
11.390000	13.379630	0.014164	0.000000	0.000000
11.418000	13.392943	0.010707	0.000000	0.000000
11.446000	13.425829	0.008693	0.000000	0.000000
11.474000	13.457085	0.012835	0.000000	0.000000
11.502000	13.475090	0.011591	0.000000	0.000000
11.530000	13.507964	0.013334	0.000000	0.000000
11.558000	13.514755	0.011500	0.000000	0.000000
11.586000	13.599658	0.016561	0.000000	0.000000
11.614000	13.598294	0.013047	0.000000	0.000000
11.642000	13.633162	0.013038	0.000000	0.000000
11.670000	13.646314	0.020241	0.000000	0.000000
11.698000	13.708690	0.015316	0.000000	0.000000
11.726000	13.693617	0.019661	0.000000	0.000000
11.754000	13.698989	0.011338	0.000000	0.000000
11.782000	13.703907	0.018954	0.000000	0.000000
11.810000	13.764918	0.021478	0.000000	0.000000
11.838000	13.737183	0.013844	0.000000	0.000000
11.866000	13.760337	0.011588	0.000000	0.000000
11.894000	13.777769	0.016096	0.000000	0.000000
11.922000	13.764822	0.011644	0.000000	0.000000
11.950000	13.775215	0.014596	0.000000	0.000000
11.978000	13.805938	0.008509	0.000000	0.000000
12.006000	13.814093	0.014212	0.000000	0.000000
12.034000	13.806480	0.014171	0.000000	0.000000
12.062000	13.817248	0.009060	0.000000	0.000000
12.090000	13.807781	0.015562	0.000000	0.000000
12.118000	13.850192	0.013621	0.000000	0.000000
12.146000	13.831712	0.012497	0.000000	0.000000
12.174000	13.849053	0.015326	0.000000	0.000000
12.202000	13.837339	0.013912	0.000000	0.000000
12.230000	13.864274	0.011448	0.000000	0.000000
12.258000	13.868542	0.017771	0.000000	0.000000
12.286000	13.878075	0.015415	0.000000	0.000000
12.314000	13.872631	0.014376	0.000000	0.000000
12.342000	13.911881	0.018922	0.000000	0.000000
12.370000	13.896212	0.017136	0.000000	0.000000
12.398000	13.906624	0.014401	0.000000	0.000000
12.426000	13.928945	0.019587	0.000000	0.000000
12.454000	13.916891	0.018530	0.000000	0.000000
12.482000	13.925370	0.014842	0.000000	0.000000
12.510000	13.909092	0.015651	0.000000	0.000000
12.538000	13.954346	0.019979	0.000000	0.000000
12.566000	13.935525	0.016597	0.000000	0.000000
12.594000	13.937956	0.018178	0.000000	0.000000
12.622000	13.929923	0.019654	0.000000	0.000000
12.650000	13.969284	0.022089	0.000000	0.000000
12.678000	13.952270	0.016804	0.000000	0.000000
12.706000	13.935881	0.013070	0.000000	0.000000
12.734000	13.922965	0.020185	0.000000	0.000000
12.762000	13.982534	0.019624	0.000000	0.000000
12.790000	13.967676	0.022539	0.000000	0.000000
12.818000	13.960444	0.015551	0.000000	0.000000
12.846000	13.966207	0.019063	0.000000	0.000000
12.874000	13.966783	0.015486	0.000000	0.000000
12.902000	13.996223	0.017440	0.000000	0.000000
12.930000	13.976902	0.023548	0.000000	0.000000
12.958000	13.966541	0.020057	0.000000	0.000000
12.986000	13.984399	0.017244	0.000000	0.000000
13.014000	13.991574	0.020127	0.000000	0.000000
13.042000	13.973831	0.015771	0.000000	0.000000
13.070000	14.025916	0.018746	0.000000	0.000000
13.098000	14.013355	0.017647	0.000000	0.000000
13.126000	14.015875	0.019824	0.000000	0.000000
13.154000	13.962395	0.021983	0.000000	0.000000
13.182000	14.017396	0.022008	0.000000	0.000000
13.210000	14.016051	0.017432	0.000000	0.000000
13.238000	13.999462	0.021692	0.000000	0.000000
13.266000	13.990644	0.020997	0.000000	0.000000
13.294000	14.051557	0.023187	0.000000	0.000000
13.322000	14.012503	0.022343	0.000000	0.000000
13.350000	14.033152	0.015201	0.000000	0.000000
13.378000	14.034101	0.026536	0.000000	0.000000
13.406000	14.039934	0.020684	0.000000	0.000000
13.434000	14.042281	0.021081	0.000000	0.000000
13.462000	14.057802	0.022816	0.000000	0.000000
13.490000	14.044912	0.025110	0.000000	0.000000
13.518000	14.063397	0.025996	0.000000	0.000000
13.546000	14.061461	0.012670	0.000000	0.000000
13.574000	14.047511	0.016919	0.000000	0.000000
13.602000	14.080221	0.019717	0.000000	0.000000
13.630000	14.079567	0.016385	0.000000	0.000000
13.658000	14.087460	0.018679	0.000000	0.000000
13.686000	14.075457	0.015162	0.000000	0.000000
13.714000	14.111031	0.028730	0.000000	0.000000
13.742000	14.089008	0.025898	0.000000	0.000000
13.770000	14.108658	0.022449	0.000000	0.000000
13.798000	14.080242	0.022949	0.000000	0.000000
13.826000	14.142102	0.021266	0.000000	0.000000
13.854000	14.137936	0.018730	0.000000	0.000000
13.882000	14.137009	0.021895	0.000000	0.000000
13.910000	14.149172	0.025244	0.000000	0.000000
13.938000	14.145833	0.018006	0.000000	0.000000
13.966000	14.150107	0.019501	0.000000	0.000000
13.994000	14.162251	0.020372	0.000000	0.000000
14.022000	14.207535	0.019028	0.000000	0.000000
14.050000	14.184859	0.025113	0.000000	0.000000
14.078000	14.186164	0.018079	0.000000	0.000000
14.106000	14.166637	0.026583	0.000000	0.000000
14.134000	14.224133	0.015499	0.000000	0.000000
14.162000	14.232150	0.013680	0.000000	0.000000
14.190000	14.239884	0.026034	0.000000	0.000000
14.218000	14.225467	0.022663	0.000000	0.000000
14.246000	14.295063	0.018835	0.000000	0.000000
14.274000	14.290843	0.020605	0.000000	0.000000
14.302000	14.290861	0.025349	0.000000	0.000000
14.330000	14.280510	0.025631	0.000000	0.000000
14.358000	14.331752	0.023722	0.000000	0.000000
14.386000	14.334114	0.019924	0.000000	0.000000
14.414000	14.345983	0.018088	0.000000	0.000000
14.442000	14.371915	0.016722	0.000000	0.000000
14.470000	14.374532	0.021145	0.000000	0.000000
14.498000	14.390849	0.018926	0.000000	0.000000
14.526000	14.375995	0.018527	0.000000	0.000000
14.554000	14.417287	0.022408	0.000000	0.000000
14.582000	14.419787	0.024366	0.000000	0.000000
14.610000	14.433358	0.015021	0.000000	0.000000
14.638000	14.410344	0.021981	0.000000	0.000000
14.666000	14.483527	0.019737	0.000000	0.000000
14.694000	14.481519	0.022336	0.000000	0.000000
14.722000	14.499922	0.021182	0.000000	0.000000
14.750000	14.475701	0.021676	0.000000	0.000000
14.778000	14.564470	0.022060	0.000000	0.000000
14.806000	14.545844	0.025103	0.000000	0.000000
14.834000	14.572148	0.024536	0.000000	0.000000
14.862000	14.576189	0.023908	0.000000	0.000000
14.890000	14.630662	0.020066	0.000000	0.000000
14.918000	14.649773	0.028694	0.000000	0.000000
14.946000	14.673618	0.023942	0.000000	0.000000
14.974000	14.690573	0.023270	0.000000	0.000000
15.002000	14.716642	0.023830	0.000000	0.000000
15.030000	14.730667	0.018370	0.000000	0.000000
15.058000	14.748301	0.024508	0.000000	0.000000
15.086000	14.828936	0.022824	0.000000	0.000000
15.114000	14.810460	0.014197	0.000000	0.000000
15.142000	14.846978	0.023341	0.000000	0.000000
15.170000	14.857392	0.022282	0.000000	0.000000
15.198000	14.902086	0.034664	0.000000	0.000000
15.226000	14.881910	0.021724	0.000000	0.000000
15.254000	14.917030	0.018839	0.000000	0.000000
15.282000	14.865657	0.024521	0.000000	0.000000
15.310000	14.938594	0.023062	0.000000	0.000000
15.338000	14.920884	0.017552	0.000000	0.000000
15.366000	14.894328	0.022246	0.000000	0.000000
15.394000	14.883374	0.014774	0.000000	0.000000
15.422000	14.885402	0.023868	0.000000	0.000000
15.450000	14.879777	0.019463	0.000000	0.000000
15.478000	14.874097	0.024562	0.000000	0.000000
15.506000	14.869684	0.022055	0.000000	0.000000
15.534000	14.864907	0.023475	0.000000	0.000000
15.562000	14.871055	0.020902	0.000000	0.000000
15.590000	14.832763	0.025655	0.000000	0.000000
15.618000	14.879880	0.023481	0.000000	0.000000
15.646000	14.845069	0.015863	0.000000	0.000000
15.674000	14.840332	0.020305	0.000000	0.000000
15.702000	14.816352	0.020337	0.000000	0.000000
15.730000	14.849553	0.029830	0.000000	0.000000
15.758000	14.842812	0.023769	0.000000	0.000000
15.786000	14.844908	0.027262	0.000000	0.000000
15.814000	14.832226	0.025787	0.000000	0.000000
15.842000	14.904386	0.024061	0.000000	0.000000
15.870000	14.890470	0.020023	0.000000	0.000000
15.898000	14.891783	0.021099	0.000000	0.000000
15.926000	14.903378	0.016799	0.000000	0.000000
15.954000	14.919165	0.020356	0.000000	0.000000
15.982000	14.923951	0.025523	0.000000	0.000000
16.010000	14.934694	0.021737	0.000000	0.000000
16.038000	14.953691	0.022787	0.000000	0.000000
16.066000	14.926366	0.020032	0.000000	0.000000
16.094000	14.994622	0.021560	0.000000	0.000000
16.122000	14.962842	0.022514	0.000000	0.000000
16.150000	15.010833	0.020084	0.000000	0.000000
16.178000	14.992718	0.024798	0.000000	0.000000
16.206000	14.976155	0.018920	0.000000	0.000000
16.234000	15.029525	0.018391	0.000000	0.000000
16.262000	14.995356	0.023847	0.000000	0.000000
16.290000	15.003554	0.022605	0.000000	0.000000
16.318000	15.040939	0.018509	0.000000	0.000000
16.346000	15.027070	0.021590	0.000000	0.000000
16.374000	15.067533	0.023953	0.000000	0.000000
16.402000	15.051536	0.020914	0.000000	0.000000
16.430000	15.040484	0.019707	0.000000	0.000000
16.458000	15.094080	0.017638	0.000000	0.000000
16.486000	15.062607	0.019480	0.000000	0.000000
16.514000	15.045832	0.021998	0.000000	0.000000
16.542000	15.102204	0.021479	0.000000	0.000000
16.570000	15.082040	0.019490	0.000000	0.000000
16.598000	15.068698	0.021394	0.000000	0.000000
16.626000	15.118468	0.022512	0.000000	0.000000
16.654000	15.066189	0.023903	0.000000	0.000000
16.682000	15.135129	0.018364	0.000000	0.000000
16.710000	15.122230	0.015191	0.000000	0.000000
16.738000	15.094575	0.026340	0.000000	0.000000
16.766000	15.132056	0.020178	0.000000	0.000000
16.794000	15.120503	0.026198	0.000000	0.000000
16.822000	15.112150	0.024739	0.000000	0.000000
16.850000	15.161990	0.023092	0.000000	0.000000
16.878000	15.149982	0.027101	0.000000	0.000000
16.906000	15.148918	0.016786	0.000000	0.000000
16.934000	15.155838	0.026187	0.000000	0.000000
16.962000	15.153541	0.022614	0.000000	0.000000
16.990000	15.163244	0.024216	0.000000	0.000000
17.018000	15.158737	0.018005	0.000000	0.000000
17.046000	15.163991	0.023977	0.000000	0.000000
17.074000	15.161978	0.025906	0.000000	0.000000
17.102000	15.174288	0.017152	0.000000	0.000000
17.130000	15.147726	0.031478	0.000000	0.000000
17.158000	15.208589	0.023471	0.000000	0.000000
17.186000	15.186591	0.016175	0.000000	0.000000
17.214000	15.182372	0.018055	0.000000	0.000000
17.242000	15.184824	0.030262	0.000000	0.000000
17.270000	15.176945	0.020490	0.000000	0.000000
17.298000	15.198108	0.023146	0.000000	0.000000
17.326000	15.185650	0.020951	0.000000	0.000000
17.354000	15.178690	0.018601	0.000000	0.000000
17.382000	15.230504	0.020655	0.000000	0.000000
17.410000	15.201407	0.029066	0.000000	0.000000
17.438000	15.203436	0.022160	0.000000	0.000000
17.466000	15.200166	0.025613	0.000000	0.000000
17.494000	15.214201	0.027109	0.000000	0.000000
17.522000	15.201457	0.024104	0.000000	0.000000
17.550000	15.219139	0.019270	0.000000	0.000000
17.578000	15.203219	0.025406	0.000000	0.000000
17.606000	15.202917	0.026507	0.000000	0.000000
17.634000	15.196117	0.017309	0.000000	0.000000
17.662000	15.183334	0.021385	0.000000	0.000000
17.690000	15.218323	0.020603	0.000000	0.000000
17.718000	15.198771	0.029800	0.000000	0.000000
17.746000	15.197048	0.028364	0.000000	0.000000
17.774000	15.194006	0.027095	0.000000	0.000000
17.802000	15.188785	0.022611	0.000000	0.000000
17.830000	15.199708	0.030226	0.000000	0.000000
17.858000	15.194379	0.021492	0.000000	0.000000
17.886000	15.180145	0.028409	0.000000	0.000000
17.914000	15.217110	0.024112	0.000000	0.000000
17.942000	15.189006	0.022290	0.000000	0.000000
17.970000	15.187104	0.022956	0.000000	0.000000
17.998000	15.199177	0.024329	0.000000	0.000000
18.026000	15.176741	0.029925	0.000000	0.000000
18.054000	15.196987	0.034293	0.000000	0.000000
18.082000	15.178355	0.027509	0.000000	0.000000
18.110000	15.194773	0.022412	0.000000	0.000000
18.138000	15.185441	0.020253	0.000000	0.000000
18.166000	15.173790	0.028701	0.000000	0.000000
18.194000	15.160188	0.025056	0.000000	0.000000
18.222000	15.206536	0.022242	0.000000	0.000000
18.250000	15.168434	0.028478	0.000000	0.000000
18.278000	15.175882	0.025462	0.000000	0.000000
18.306000	15.177341	0.023913	0.000000	0.000000
18.334000	15.173956	0.023802	0.000000	0.000000
18.362000	15.180519	0.025793	0.000000	0.000000
18.390000	15.159249	0.023807	0.000000	0.000000
18.418000	15.155620	0.023904	0.000000	0.000000
18.446000	15.193320	0.025521	0.000000	0.000000
18.474000	15.166614	0.026558	0.000000	0.000000
18.502000	15.145613	0.028145	0.000000	0.000000
18.530000	15.182931	0.026083	0.000000	0.000000
18.558000	15.153609	0.020228	0.000000	0.000000
18.586000	15.161536	0.022014	0.000000	0.000000
18.614000	15.148921	0.023194	0.000000	0.000000
18.642000	15.135385	0.025809	0.000000	0.000000
18.670000	15.149616	0.029541	0.000000	0.000000
18.698000	15.129378	0.020162	0.000000	0.000000
18.726000	15.111292	0.022232	0.000000	0.000000
18.754000	15.150480	0.025388	0.000000	0.000000
18.782000	15.136112	0.020821	0.000000	0.000000
18.810000	15.136200	0.018954	0.000000	0.000000
18.838000	15.114051	0.022012	0.000000	0.000000
18.866000	15.140176	0.021320	0.000000	0.000000
18.894000	15.130859	0.023067	0.000000	0.000000
18.922000	15.118912	0.019031	0.000000	0.000000
18.950000	15.101985	0.027389	0.000000	0.000000
18.978000	15.145637	0.023379	0.000000	0.000000
19.006000	15.116082	0.024228	0.000000	0.000000
19.034000	15.087508	0.022135	0.000000	0.000000
19.062000	15.126370	0.026332	0.000000	0.000000
19.090000	15.110612	0.027971	0.000000	0.000000
19.118000	15.104559	0.030035	0.000000	0.000000
19.146000	15.099255	0.025627	0.000000	0.000000
19.174000	15.099111	0.021484	0.000000	0.000000
19.202000	15.096799	0.030397	0.000000	0.000000
19.230000	15.103857	0.021060	0.000000	0.000000
19.258000	15.072403	0.024963	0.000000	0.000000
19.286000	15.102476	0.026517	0.000000	0.000000
19.314000	15.106279	0.034156	0.000000	0.000000
19.342000	15.097887	0.029499	0.000000	0.000000
19.370000	15.095784	0.025542	0.000000	0.000000
19.398000	15.099113	0.024784	0.000000	0.000000
19.426000	15.094548	0.024672	0.000000	0.000000
19.454000	15.098992	0.022577	0.000000	0.000000
19.482000	15.077882	0.029153	0.000000	0.000000
19.510000	15.119757	0.020013	0.000000	0.000000
19.538000	15.099144	0.026100	0.000000	0.000000
19.566000	15.081469	0.025023	0.000000	0.000000
19.594000	15.126248	0.023516	0.000000	0.000000
19.622000	15.121834	0.025881	0.000000	0.000000
19.650000	15.105358	0.024865	0.000000	0.000000
19.678000	15.108959	0.019185	0.000000	0.000000
19.706000	15.110874	0.022379	0.000000	0.000000
19.734000	15.114188	0.027637	0.000000	0.000000
19.762000	15.119702	0.015621	0.000000	0.000000
19.790000	15.096814	0.020254	0.000000	0.000000
19.818000	15.150417	0.032330	0.000000	0.000000
19.846000	15.121661	0.026090	0.000000	0.000000
19.874000	15.120564	0.029746	0.000000	0.000000
19.902000	15.119026	0.023115	0.000000	0.000000
19.930000	15.108746	0.022561	0.000000	0.000000
19.958000	15.117583	0.027666	0.000000	0.000000
19.986000	15.133967	0.023554	0.000000	0.000000
20.014000	15.089072	0.021101	0.000000	0.000000
20.042000	15.141162	0.030618	0.000000	0.000000
20.070000	15.115481	0.025527	0.000000	0.000000
20.098000	15.103743	0.025824	0.000000	0.000000
20.126000	15.132606	0.034020	0.000000	0.000000
20.154000	15.114454	0.026385	0.000000	0.000000
20.182000	15.101676	0.022162	0.000000	0.000000
20.210000	15.111674	0.026673	0.000000	0.000000
20.238000	15.087465	0.027249	0.000000	0.000000
20.266000	15.113255	0.023496	0.000000	0.000000
20.294000	15.097759	0.029293	0.000000	0.000000
20.322000	15.086430	0.024710	0.000000	0.000000
20.350000	15.110611	0.023958	0.000000	0.000000
20.378000	15.107644	0.027125	0.000000	0.000000
20.406000	15.108302	0.029681	0.000000	0.000000
20.434000	15.101355	0.027473	0.000000	0.000000
20.462000	15.117911	0.024761	0.000000	0.000000
20.490000	15.110478	0.027461	0.000000	0.000000
20.518000	15.115593	0.025770	0.000000	0.000000
20.546000	15.101041	0.031192	0.000000	0.000000
20.574000	15.135307	0.026240	0.000000	0.000000
20.602000	15.123360	0.030021	0.000000	0.000000
20.630000	15.102310	0.028465	0.000000	0.000000
20.658000	15.149731	0.028301	0.000000	0.000000
20.686000	15.106300	0.029234	0.000000	0.000000
20.714000	15.125000	0.026208	0.000000	0.000000
20.742000	15.118301	0.025706	0.000000	0.000000
20.770000	15.094649	0.028242	0.000000	0.000000
20.798000	15.103076	0.018176	0.000000	0.000000
20.826000	15.101390	0.029368	0.000000	0.000000
20.854000	15.080960	0.025132	0.000000	0.000000
20.882000	15.131326	0.021909	0.000000	0.000000
20.910000	15.107209	0.025997	0.000000	0.000000
20.938000	15.100770	0.034381	0.000000	0.000000
20.966000	15.102885	0.024842	0.000000	0.000000
20.994000	15.099584	0.024070	0.000000	0.000000
21.022000	15.085623	0.025666	0.000000	0.000000
21.050000	15.098288	0.026933	0.000000	0.000000
21.078000	15.072318	0.024586	0.000000	0.000000
21.106000	15.100597	0.027415	0.000000	0.000000
21.134000	15.079401	0.027611	0.000000	0.000000
21.162000	15.056629	0.027508	0.000000	0.000000
21.190000	15.086680	0.025223	0.000000	0.000000
21.218000	15.064925	0.030270	0.000000	0.000000
21.246000	15.075088	0.025316	0.000000	0.000000
21.274000	15.066243	0.020799	0.000000	0.000000
21.302000	15.058533	0.024426	0.000000	0.000000
21.330000	15.055117	0.027241	0.000000	0.000000
21.358000	15.066229	0.023698	0.000000	0.000000
21.386000	15.048454	0.026635	0.000000	0.000000
21.414000	15.065860	0.024471	0.000000	0.000000
21.442000	15.045442	0.023852	0.000000	0.000000
21.470000	15.049104	0.024845	0.000000	0.000000
21.498000	15.067409	0.019638	0.000000	0.000000
21.526000	15.066649	0.023387	0.000000	0.000000
21.554000	15.057010	0.023437	0.000000	0.000000
21.582000	15.054386	0.024710	0.000000	0.000000
21.610000	15.045383	0.028945	0.000000	0.000000
21.638000	15.093324	0.021955	0.000000	0.000000
21.666000	15.068750	0.022950	0.000000	0.000000
21.694000	15.033653	0.023831	0.000000	0.000000
21.722000	15.083490	0.022711	0.000000	0.000000
21.750000	15.047658	0.026740	0.000000	0.000000
21.778000	15.056522	0.025863	0.000000	0.000000
21.806000	15.048804	0.023587	0.000000	0.000000
21.834000	15.041211	0.025245	0.000000	0.000000
21.862000	15.054726	0.020345	0.000000	0.000000
21.890000	15.054447	0.018039	0.000000	0.000000
21.918000	15.032393	0.021535	0.000000	0.000000
21.946000	15.063120	0.021759	0.000000	0.000000
21.974000	15.047656	0.015895	0.000000	0.000000
22.002000	15.032274	0.026785	0.000000	0.000000
22.030000	15.067788	0.023159	0.000000	0.000000
22.058000	15.056074	0.019949	0.000000	0.000000
22.086000	15.043325	0.020719	0.000000	0.000000
22.114000	15.045918	0.026497	0.000000	0.000000
22.142000	15.022122	0.029038	0.000000	0.000000
22.170000	15.074968	0.027548	0.000000	0.000000
22.198000	15.040093	0.022086	0.000000	0.000000
22.226000	15.025382	0.028610	0.000000	0.000000
22.254000	15.055722	0.022603	0.000000	0.000000
22.282000	15.016352	0.024791	0.000000	0.000000
22.310000	15.035727	0.022640	0.000000	0.000000
22.338000	15.016075	0.030234	0.000000	0.000000
22.366000	15.015176	0.026446	0.000000	0.000000
22.394000	15.013001	0.033592	0.000000	0.000000
22.422000	15.014096	0.021344	0.000000	0.000000
22.450000	14.981691	0.021706	0.000000	0.000000
22.478000	15.019867	0.028304	0.000000	0.000000
22.506000	14.985664	0.023777	0.000000	0.000000
22.534000	14.979983	0.026757	0.000000	0.000000
22.562000	15.035049	0.022708	0.000000	0.000000
22.590000	15.000559	0.024856	0.000000	0.000000
22.618000	14.990734	0.025449	0.000000	0.000000
22.646000	14.985885	0.017906	0.000000	0.000000
22.674000	14.995175	0.026037	0.000000	0.000000
22.702000	14.986666	0.022791	0.000000	0.000000
22.730000	14.973129	0.017291	0.000000	0.000000
22.758000	14.940576	0.021760	0.000000	0.000000
22.786000	14.977599	0.023934	0.000000	0.000000
22.814000	14.972683	0.020185	0.000000	0.000000
22.842000	14.965552	0.017323	0.000000	0.000000
22.870000	14.974335	0.019841	0.000000	0.000000
22.898000	14.965443	0.025977	0.000000	0.000000
22.926000	14.969220	0.020830	0.000000	0.000000
22.954000	14.950199	0.023074	0.000000	0.000000
22.982000	14.940272	0.015565	0.000000	0.000000
23.010000	14.981449	0.019709	0.000000	0.000000
23.038000	14.943304	0.020809	0.000000	0.000000
23.066000	14.929890	0.023871	0.000000	0.000000
23.094000	14.976473	0.015227	0.000000	0.000000
23.122000	14.937839	0.019226	0.000000	0.000000
23.150000	14.934819	0.025048	0.000000	0.000000
23.178000	14.924709	0.017206	0.000000	0.000000
23.206000	14.925777	0.021967	0.000000	0.000000
23.234000	14.940911	0.020131	0.000000	0.000000
23.262000	14.917767	0.026803	0.000000	0.000000
23.290000	14.886184	0.016254	0.000000	0.000000
23.318000	14.946341	0.019189	0.000000	0.000000
23.346000	14.913950	0.019412	0.000000	0.000000
23.374000	14.901897	0.013135	0.000000	0.000000
23.402000	14.926681	0.024823	0.000000	0.000000
23.430000	14.901857	0.019802	0.000000	0.000000
23.458000	14.916357	0.018597	0.000000	0.000000
23.486000	14.913321	0.024592	0.000000	0.000000
23.514000	14.896167	0.021551	0.000000	0.000000
23.542000	14.939275	0.016426	0.000000	0.000000
23.570000	14.910341	0.023689	0.000000	0.000000
23.598000	14.875961	0.020392	0.000000	0.000000
23.626000	14.935509	0.020265	0.000000	0.000000
23.654000	14.911365	0.028153	0.000000	0.000000
23.682000	14.912819	0.011048	0.000000	0.000000
23.710000	14.907745	0.021898	0.000000	0.000000
23.738000	14.887842	0.023669	0.000000	0.000000
23.766000	14.894112	0.023159	0.000000	0.000000
23.794000	14.900851	0.020728	0.000000	0.000000
23.822000	14.885981	0.021835	0.000000	0.000000
23.850000	14.933103	0.017049	0.000000	0.000000
23.878000	14.897800	0.028805	0.000000	0.000000
23.906000	14.897589	0.023775	0.000000	0.000000
23.934000	14.899326	0.024145	0.000000	0.000000
23.962000	14.889617	0.024389	0.000000	0.000000
23.990000	14.882095	0.021377	0.000000	0.000000
24.018000	14.893280	0.021032	0.000000	0.000000
24.046000	14.879068	0.020226	0.000000	0.000000
24.074000	14.898810	0.023096	0.000000	0.000000
24.102000	14.885991	0.020380	0.000000	0.000000
24.130000	14.865006	0.026652	0.000000	0.000000
24.158000	14.896359	0.021133	0.000000	0.000000
24.186000	14.879081	0.021668	0.000000	0.000000
24.214000	14.888609	0.026753	0.000000	0.000000
24.242000	14.887749	0.026085	0.000000	0.000000
24.270000	14.864440	0.032164	0.000000	0.000000
24.298000	14.882179	0.022906	0.000000	0.000000
24.326000	14.871129	0.029984	0.000000	0.000000
24.354000	14.844045	0.020730	0.000000	0.000000
24.382000	14.890677	0.022788	0.000000	0.000000
24.410000	14.862934	0.022227	0.000000	0.000000
24.438000	14.878208	0.020280	0.000000	0.000000
24.466000	14.847912	0.022104	0.000000	0.000000
24.494000	14.855296	0.022227	0.000000	0.000000
24.522000	14.861153	0.034865	0.000000	0.000000
24.550000	14.855073	0.026275	0.000000	0.000000
24.578000	14.836893	0.024528	0.000000	0.000000
24.606000	14.859971	0.022228	0.000000	0.000000
24.634000	14.844641	0.027967	0.000000	0.000000
24.662000	14.826383	0.024545	0.000000	0.000000
24.690000	14.855721	0.024974	0.000000	0.000000
24.718000	14.838489	0.020001	0.000000	0.000000
24.746000	14.829048	0.025362	0.000000	0.000000
24.774000	14.823003	0.017052	0.000000	0.000000
24.802000	14.825271	0.023744	0.000000	0.000000
24.830000	14.823649	0.023810	0.000000	0.000000
24.858000	14.827591	0.026252	0.000000	0.000000
24.886000	14.814002	0.022149	0.000000	0.000000
24.914000	14.832579	0.019550	0.000000	0.000000
24.942000	14.813321	0.022370	0.000000	0.000000
24.970000	14.814692	0.022270	0.000000	0.000000
24.998000	14.812852	0.025748	0.000000	0.000000
25.026000	14.798043	0.028847	0.000000	0.000000
25.054000	14.813956	0.030930	0.000000	0.000000
25.082000	14.799329	0.023124	0.000000	0.000000
25.110000	14.774488	0.028582	0.000000	0.000000
25.138000	14.807391	0.025827	0.000000	0.000000
25.166000	14.775314	0.024390	0.000000	0.000000
25.194000	14.759035	0.027492	0.000000	0.000000
25.222000	14.791684	0.019888	0.000000	0.000000
25.250000	14.790484	0.024946	0.000000	0.000000
25.278000	14.771312	0.022481	0.000000	0.000000
25.306000	14.771536	0.021878	0.000000	0.000000
25.334000	14.771206	0.024480	0.000000	0.000000
25.362000	14.770686	0.028250	0.000000	0.000000
25.390000	14.775369	0.021115	0.000000	0.000000
25.418000	14.769338	0.032411	0.000000	0.000000
25.446000	14.788827	0.024358	0.000000	0.000000
25.474000	14.768510	0.031087	0.000000	0.000000
25.502000	14.749107	0.026464	0.000000	0.000000
25.530000	14.784714	0.021370	0.000000	0.000000
25.558000	14.763805	0.019747	0.000000	0.000000
25.586000	14.766919	0.022893	0.000000	0.000000
25.614000	14.762562	0.031703	0.000000	0.000000
25.642000	14.739346	0.019875	0.000000	0.000000
25.670000	14.773004	0.033848	0.000000	0.000000
25.698000	14.749468	0.028404	0.000000	0.000000
25.726000	14.718864	0.031090	0.000000	0.000000
25.754000	14.757227	0.030082	0.000000	0.000000
25.782000	14.742355	0.029744	0.000000	0.000000
25.810000	14.749638	0.025553	0.000000	0.000000
25.838000	14.733619	0.028917	0.000000	0.000000
25.866000	14.743097	0.028099	0.000000	0.000000
25.894000	14.741305	0.026140	0.000000	0.000000
25.922000	14.735239	0.025755	0.000000	0.000000
25.950000	14.723690	0.023784	0.000000	0.000000
25.978000	14.760286	0.023292	0.000000	0.000000
26.006000	14.732665	0.027858	0.000000	0.000000
26.034000	14.702576	0.031194	0.000000	0.000000
26.062000	14.751507	0.032657	0.000000	0.000000
26.090000	14.722168	0.020150	0.000000	0.000000
26.118000	14.724498	0.031201	0.000000	0.000000
26.146000	14.717405	0.022009	0.000000	0.000000
26.174000	14.691691	0.027495	0.000000	0.000000
26.202000	14.730262	0.025982	0.000000	0.000000
26.230000	14.722214	0.021562	0.000000	0.000000
26.258000	14.685600	0.025248	0.000000	0.000000
26.286000	14.723011	0.025773	0.000000	0.000000
26.314000	14.705456	0.024859	0.000000	0.000000
26.342000	14.701333	0.022149	0.000000	0.000000
26.370000	14.705180	0.027866	0.000000	0.000000
26.398000	14.700705	0.023421	0.000000	0.000000
26.426000	14.689498	0.027857	0.000000	0.000000
26.454000	14.703202	0.025559	0.000000	0.000000
26.482000	14.662002	0.022901	0.000000	0.000000
26.510000	14.705826	0.023945	0.000000	0.000000
26.538000	14.689105	0.025267	0.000000	0.000000
26.566000	14.653578	0.029758	0.000000	0.000000
26.594000	14.676814	0.027365	0.000000	0.000000
26.622000	14.672014	0.023205	0.000000	0.000000
26.650000	14.665264	0.022018	0.000000	0.000000
26.678000	14.666548	0.032732	0.000000	0.000000
26.706000	14.622115	0.025458	0.000000	0.000000
26.734000	14.656992	0.015693	0.000000	0.000000
26.762000	14.649959	0.020549	0.000000	0.000000
26.790000	14.602227	0.021864	0.000000	0.000000
26.818000	14.649958	0.023068	0.000000	0.000000
26.846000	14.626358	0.027648	0.000000	0.000000
26.874000	14.634150	0.025277	0.000000	0.000000
26.902000	14.625174	0.023597	0.000000	0.000000
26.930000	14.616042	0.020703	0.000000	0.000000
26.958000	14.616186	0.025322	0.000000	0.000000
26.986000	14.598870	0.019749	0.000000	0.000000
27.014000	14.578758	0.025214	0.000000	0.000000
27.042000	14.613988	0.024366	0.000000	0.000000
27.070000	14.578000	0.023469	0.000000	0.000000
27.098000	14.570501	0.022328	0.000000	0.000000
27.126000	14.606288	0.024225	0.000000	0.000000
27.154000	14.550074	0.022991	0.000000	0.000000
27.182000	14.555548	0.029706	0.000000	0.000000
27.210000	14.562170	0.032294	0.000000	0.000000
27.238000	14.530486	0.025471	0.000000	0.000000
27.266000	14.577517	0.027816	0.000000	0.000000
27.294000	14.541112	0.024833	0.000000	0.000000
27.322000	14.517806	0.024216	0.000000	0.000000
27.350000	14.563922	0.025619	0.000000	0.000000
27.378000	14.539491	0.020389	0.000000	0.000000
27.406000	14.538044	0.026422	0.000000	0.000000
27.434000	14.531045	0.029110	0.000000	0.000000
27.462000	14.529405	0.023411	0.000000	0.000000
27.490000	14.522055	0.022679	0.000000	0.000000
27.518000	14.532377	0.025186	0.000000	0.000000
27.546000	14.505260	0.027377	0.000000	0.000000
27.574000	14.547129	0.025181	0.000000	0.000000
27.602000	14.523601	0.026038	0.000000	0.000000
27.630000	14.489371	0.025903	0.000000	0.000000
27.658000	14.536432	0.029893	0.000000	0.000000
27.686000	14.518911	0.026029	0.000000	0.000000
27.714000	14.503539	0.028133	0.000000	0.000000
27.742000	14.513013	0.019925	0.000000	0.000000
27.770000	14.473993	0.029525	0.000000	0.000000
27.798000	14.524254	0.022700	0.000000	0.000000
27.826000	14.516380	0.034215	0.000000	0.000000
27.854000	14.479399	0.020462	0.000000	0.000000
27.882000	14.530419	0.027868	0.000000	0.000000
27.910000	14.501286	0.026351	0.000000	0.000000
27.938000	14.498411	0.027438	0.000000	0.000000
27.966000	14.492468	0.025623	0.000000	0.000000
27.994000	14.494908	0.019947	0.000000	0.000000
28.022000	14.487621	0.020785	0.000000	0.000000
28.050000	14.485784	0.020028	0.000000	0.000000
28.078000	14.455081	0.024847	0.000000	0.000000
28.106000	14.499898	0.023077	0.000000	0.000000
28.134000	14.471813	0.027393	0.000000	0.000000
28.162000	14.431485	0.022139	0.000000	0.000000
28.190000	14.488097	0.025398	0.000000	0.000000
28.218000	14.471172	0.024883	0.000000	0.000000
28.246000	14.445552	0.029284	0.000000	0.000000
28.274000	14.437418	0.021467	0.000000	0.000000
28.302000	14.432881	0.021711	0.000000	0.000000
28.330000	14.443655	0.028464	0.000000	0.000000
28.358000	14.458278	0.019890	0.000000	0.000000
28.386000	14.420595	0.019834	0.000000	0.000000
28.414000	14.474807	0.023456	0.000000	0.000000
28.442000	14.456147	0.025329	0.000000	0.000000
28.470000	14.437477	0.026558	0.000000	0.000000
28.498000	14.443631	0.026388	0.000000	0.000000
28.526000	14.450484	0.027686	0.000000	0.000000
28.554000	14.451150	0.017956	0.000000	0.000000
28.582000	14.450488	0.018813	0.000000	0.000000
28.610000	14.429030	0.022058	0.000000	0.000000
28.638000	14.466050	0.022740	0.000000	0.000000
28.666000	14.429722	0.023579	0.000000	0.000000
28.694000	14.424599	0.018624	0.000000	0.000000
28.722000	14.439851	0.025739	0.000000	0.000000
28.750000	14.430380	0.024339	0.000000	0.000000
28.778000	14.424748	0.019638	0.000000	0.000000
28.806000	14.421778	0.022838	0.000000	0.000000
28.834000	14.435951	0.019281	0.000000	0.000000
28.862000	14.425715	0.023181	0.000000	0.000000
28.890000	14.397355	0.020270	0.000000	0.000000
28.918000	14.398704	0.021464	0.000000	0.000000
28.946000	14.403452	0.024085	0.000000	0.000000
28.974000	14.400748	0.024761	0.000000	0.000000
29.002000	14.371342	0.024870	0.000000	0.000000
29.030000	14.411512	0.022467	0.000000	0.000000
29.058000	14.393004	0.022988	0.000000	0.000000
29.086000	14.381871	0.018455	0.000000	0.000000
29.114000	14.383123	0.025585	0.000000	0.000000
29.142000	14.355647	0.023740	0.000000	0.000000
29.170000	14.398274	0.018561	0.000000	0.000000
29.198000	14.381376	0.017742	0.000000	0.000000
29.226000	14.346949	0.028071	0.000000	0.000000
29.254000	14.381401	0.018257	0.000000	0.000000
29.282000	14.348778	0.018492	0.000000	0.000000
29.310000	14.366848	0.015654	0.000000	0.000000
29.338000	14.353096	0.018318	0.000000	0.000000
29.366000	14.352422	0.022851	0.000000	0.000000
29.394000	14.358025	0.020975	0.000000	0.000000
29.422000	14.359310	0.020256	0.000000	0.000000
29.450000	14.336385	0.017352	0.000000	0.000000
29.478000	14.369782	0.016931	0.000000	0.000000
29.506000	14.350146	0.025772	0.000000	0.000000
29.534000	14.322679	0.020993	0.000000	0.000000
29.562000	14.356372	0.019154	0.000000	0.000000
29.590000	14.329287	0.014346	0.000000	0.000000
29.618000	14.331628	0.020289	0.000000	0.000000
29.646000	14.333438	0.015158	0.000000	0.000000
29.674000	14.307236	0.025738	0.000000	0.000000
29.702000	14.342053	0.019346	0.000000	0.000000
29.730000	14.336744	0.016363	0.000000	0.000000
29.758000	14.301661	0.013215	0.000000	0.000000
29.786000	14.342079	0.023850	0.000000	0.000000
29.814000	14.297463	0.019674	0.000000	0.000000
29.842000	14.292792	0.019691	0.000000	0.000000
29.870000	14.300594	0.019012	0.000000	0.000000
29.898000	14.312193	0.021201	0.000000	0.000000
29.926000	14.307385	0.022476	0.000000	0.000000
29.954000	14.314929	0.017497	0.000000	0.000000
29.982000	14.294664	0.026881	0.000000	0.000000
30.010000	14.320913	0.023216	0.000000	0.000000
30.038000	14.303294	0.017001	0.000000	0.000000
30.066000	14.271008	0.019709	0.000000	0.000000
30.094000	14.309596	0.028055	0.000000	0.000000
30.122000	14.287427	0.018207	0.000000	0.000000
30.150000	14.279616	0.021889	0.000000	0.000000
30.178000	14.286190	0.024055	0.000000	0.000000
30.206000	14.252468	0.014647	0.000000	0.000000
30.234000	14.288935	0.018919	0.000000	0.000000
30.262000	14.244464	0.026893	0.000000	0.000000
30.290000	14.264598	0.015657	0.000000	0.000000
30.318000	14.296225	0.016692	0.000000	0.000000
30.346000	14.226215	0.043087	0.000000	0.000000
30.374000	14.240799	0.022857	0.000000	0.000000
30.402000	14.254772	0.034025	0.000000	0.000000
30.430000	14.234704	0.045698	0.000000	0.000000
30.458000	14.213326	0.054842	0.000000	0.000000
30.486000	14.257871	0.038236	0.000000	0.000000
#Window		Free	+/-	
#0	0.000000	0.000000
#1	-2.765270	0.002979
#2	-4.601106	0.005796
#3	-4.509552	0.008010
#4	-3.065455	0.010277
#5	-1.430598	0.009399
#6	-0.035828	0.009865
#7	1.030256	0.012617
#8	2.059531	0.015117
#9	3.431027	0.016502
#10	4.669698	0.014461
#11	5.829356	0.017063
#12	6.895980	0.018746
#13	7.591865	0.020024
#14	7.910082	0.016710
#15	8.129790	0.014211
#16	8.165392	0.015861
#17	8.425012	0.016131
#18	8.757570	0.015884
#19	8.887417	0.020267
#20	8.953962	0.021938
#21	9.022554	0.022270
#22	9.140348	0.022829
#23	9.348566	0.022838
#24	9.664455	0.024074
#25	9.837995	0.023620
#26	9.896902	0.024011
#27	10.034484	0.022355
#28	10.124323	0.024608
#29	10.167423	0.025051
#30	10.156585	0.026850
#31	10.127501	0.024700
#32	10.083482	0.025228
#33	10.070494	0.026488
#34	10.082968	0.027570
#35	10.078925	0.029004
#36	10.060147	0.028107
#37	10.027518	0.026634
#38	10.014811	0.024254
#39	9.970455	0.024059
#40	9.920237	0.019546
#41	9.879955	0.020603
#42	9.858508	0.022886
#43	9.823971	0.024637
#44	9.774426	0.024659
#45	9.733500	0.026191
#46	9.697847	0.026214
#47	9.648886	0.025182
#48	9.566349	0.024903
#49	9.496265	0.026798
#50	9.453871	0.027090
#51	9.412275	0.025493
#52	9.363555	0.023924
#53	9.312031	0.020278
#54	9.266252	0.020613
