#Coor		Free	+/-		Prob		+/-
2.566250	inf	nan	0.000000	0.000000
2.698750	inf	nan	0.000000	0.000000
2.831250	inf	nan	0.000000	0.000000
2.963750	7.336990	0.090717	0.000001	0.000000
3.096250	5.298003	0.017816	0.000029	0.000001
3.228750	3.728198	0.009350	0.000413	0.000007
3.361250	2.482409	0.008569	0.003398	0.000049
3.493750	1.444068	0.007463	0.019697	0.000250
3.626250	0.760203	0.005469	0.062663	0.000580
3.758750	0.359806	0.005539	0.123392	0.001157
3.891250	0.101010	0.004156	0.191201	0.001343
4.023750	0.000000	0.003857	0.226845	0.001481
4.156250	0.117843	0.004129	0.185831	0.001298
4.288750	0.505251	0.006272	0.096470	0.001026
4.421250	0.958415	0.007123	0.044806	0.000541
4.553750	1.392989	0.007591	0.021475	0.000276
4.686250	1.807929	0.010217	0.010641	0.000184
4.818750	2.169528	0.010695	0.005771	0.000105
4.951250	2.504859	0.011277	0.003272	0.000063
5.083750	2.816009	0.012243	0.001932	0.000040
5.216250	3.240500	0.014383	0.000942	0.000023
5.348750	3.655495	0.014667	0.000467	0.000012
5.481250	3.974710	0.014882	0.000272	0.000007
5.613750	4.231897	0.015697	0.000176	0.000005
5.746250	4.542382	0.016814	0.000104	0.000003
5.878750	4.845201	0.016914	0.000062	0.000002
6.011250	5.087881	0.017607	0.000041	0.000001
6.143750	5.322040	0.017404	0.000028	0.000001
6.276250	5.512008	0.017567	0.000020	0.000001
6.408750	5.663226	0.019084	0.000016	0.000001
6.541250	5.816594	0.018101	0.000012	0.000000
6.673750	6.016423	0.018662	0.000009	0.000000
6.806250	6.269486	0.018413	0.000006	0.000000
6.938750	6.560129	0.017985	0.000003	0.000000
7.071250	6.821356	0.018834	0.000002	0.000000
7.203750	7.111301	0.019815	0.000001	0.000000
7.336250	7.418099	0.020554	0.000001	0.000000
7.468750	7.716063	0.020300	0.000000	0.000000
7.601250	8.034799	0.020487	0.000000	0.000000
7.733750	8.384146	0.020276	0.000000	0.000000
7.866250	8.754923	0.020865	0.000000	0.000000
7.998750	9.081353	0.021200	0.000000	0.000000
8.131250	9.389316	0.021668	0.000000	0.000000
8.263750	9.650955	0.022328	0.000000	0.000000
8.396250	9.887852	0.021797	0.000000	0.000000
8.528750	10.090276	0.021967	0.000000	0.000000
8.661250	10.286960	0.023526	0.000000	0.000000
8.793750	10.560095	0.022709	0.000000	0.000000
8.926250	10.794834	0.024027	0.000000	0.000000
9.058750	11.018691	0.023706	0.000000	0.000000
9.191250	11.207960	0.024149	0.000000	0.000000
9.323750	11.454973	0.024564	0.000000	0.000000
9.456250	11.685553	0.024835	0.000000	0.000000
9.588750	11.864913	0.025279	0.000000	0.000000
9.721250	12.059901	0.025354	0.000000	0.000000
9.853750	12.254976	0.026930	0.000000	0.000000
9.986250	12.410388	0.026558	0.000000	0.000000
10.118750	12.546899	0.026528	0.000000	0.000000
10.251250	12.698491	0.028326	0.000000	0.000000
10.383750	12.859864	0.028576	0.000000	0.000000
10.516250	13.001761	0.028126	0.000000	0.000000
10.648750	13.097574	0.029311	0.000000	0.000000
10.781250	13.257231	0.030924	0.000000	0.000000
10.913750	13.399899	0.030295	0.000000	0.000000
11.046250	13.532174	0.030704	0.000000	0.000000
11.178750	13.625834	0.030892	0.000000	0.000000
11.311250	13.687327	0.030396	0.000000	0.000000
11.443750	13.719068	0.031305	0.000000	0.000000
11.576250	13.740092	0.030602	0.000000	0.000000
11.708750	13.729442	0.030308	0.000000	0.000000
11.841250	13.728023	0.032080	0.000000	0.000000
11.973750	13.719658	0.032481	0.000000	0.000000
12.106250	13.680214	0.032282	0.000000	0.000000
12.238750	13.670412	0.032752	0.000000	0.000000
12.371250	13.742672	0.033352	0.000000	0.000000
12.503750	13.829162	0.033590	0.000000	0.000000
12.636250	13.870377	0.034229	0.000000	0.000000
12.768750	13.886174	0.034526	0.000000	0.000000
12.901250	13.830132	0.034534	0.000000	0.000000
13.033750	13.755937	0.034862	0.000000	0.000000
13.166250	13.648000	0.035594	0.000000	0.000000
13.298750	13.544281	0.034549	0.000000	0.000000
13.431250	13.532836	0.035185	0.000000	0.000000
13.563750	13.514698	0.034463	0.000000	0.000000
13.696250	13.484273	0.035508	0.000000	0.000000
13.828750	13.462236	0.035717	0.000000	0.000000
13.961250	13.468746	0.036283	0.000000	0.000000
14.093750	13.468360	0.036141	0.000000	0.000000
14.226250	13.458842	0.036887	0.000000	0.000000
14.358750	13.493278	0.037864	0.000000	0.000000
14.491250	13.497659	0.037254	0.000000	0.000000
14.623750	13.474677	0.037516	0.000000	0.000000
14.756250	13.469853	0.038398	0.000000	0.000000
14.888750	13.466686	0.037524	0.000000	0.000000
15.021250	13.466917	0.038785	0.000000	0.000000
15.153750	13.437639	0.038227	0.000000	0.000000
15.286250	13.441521	0.038561	0.000000	0.000000
15.418750	13.518208	0.038485	0.000000	0.000000
15.551250	13.597755	0.039261	0.000000	0.000000
15.683750	13.664817	0.039595	0.000000	0.000000
15.816250	13.719177	0.039722	0.000000	0.000000
15.948750	13.828479	0.039155	0.000000	0.000000
16.081250	13.919449	0.040131	0.000000	0.000000
16.213750	14.015752	0.040089	0.000000	0.000000
16.346250	14.044084	0.040443	0.000000	0.000000
16.478750	14.072998	0.039317	0.000000	0.000000
16.611250	14.088725	0.040844	0.000000	0.000000
16.743750	14.119985	0.039769	0.000000	0.000000
16.876250	14.194506	0.039659	0.000000	0.000000
17.008750	14.249862	0.040134	0.000000	0.000000
17.141250	14.270451	0.039705	0.000000	0.000000
17.273750	14.296338	0.039920	0.000000	0.000000
17.406250	14.340492	0.041054	0.000000	0.000000
17.538750	14.398056	0.040008	0.000000	0.000000
17.671250	14.431082	0.041421	0.000000	0.000000
17.803750	14.445095	0.042277	0.000000	0.000000
17.936250	14.449822	0.042537	0.000000	0.000000
18.068750	14.444631	0.042531	0.000000	0.000000
18.201250	14.418722	0.044024	0.000000	0.000000
18.333750	14.434609	0.044239	0.000000	0.000000
18.466250	14.448381	0.045034	0.000000	0.000000
18.598750	14.429985	0.045244	0.000000	0.000000
18.731250	14.405792	0.045956	0.000000	0.000000
18.863750	14.442391	0.046941	0.000000	0.000000
18.996250	14.508719	0.047741	0.000000	0.000000
19.128750	14.513724	0.047974	0.000000	0.000000
19.261250	14.518986	0.048275	0.000000	0.000000
19.393750	14.584779	0.049146	0.000000	0.000000
19.526250	14.635301	0.048923	0.000000	0.000000
19.658750	14.676188	0.048974	0.000000	0.000000
19.791250	14.754464	0.049264	0.000000	0.000000
19.923750	14.894848	0.049276	0.000000	0.000000
20.056250	15.027135	0.049628	0.000000	0.000000
20.188750	15.152193	0.050812	0.000000	0.000000
20.321250	15.230353	0.051525	0.000000	0.000000
20.453750	15.272170	0.050899	0.000000	0.000000
20.586250	15.276721	0.051004	0.000000	0.000000
20.718750	15.278201	0.051585	0.000000	0.000000
20.851250	15.313779	0.051413	0.000000	0.000000
20.983750	15.364623	0.051634	0.000000	0.000000
21.116250	15.381361	0.051231	0.000000	0.000000
21.248750	15.406565	0.052288	0.000000	0.000000
21.381250	15.471472	0.051951	0.000000	0.000000
21.513750	15.555798	0.052540	0.000000	0.000000
21.646250	15.621998	0.052411	0.000000	0.000000
21.778750	15.690294	0.052432	0.000000	0.000000
21.911250	15.742623	0.053171	0.000000	0.000000
22.043750	15.777853	0.053318	0.000000	0.000000
22.176250	15.756338	0.052999	0.000000	0.000000
22.308750	15.780150	0.053292	0.000000	0.000000
22.441250	15.841478	0.053879	0.000000	0.000000
22.573750	15.883600	0.053412	0.000000	0.000000
22.706250	15.902643	0.054618	0.000000	0.000000
22.838750	15.918919	0.055407	0.000000	0.000000
22.971250	15.949079	0.055087	0.000000	0.000000
23.103750	15.963381	0.054983	0.000000	0.000000
23.236250	15.946262	0.055205	0.000000	0.000000
23.368750	15.967653	0.056380	0.000000	0.000000
23.501250	15.960484	0.055722	0.000000	0.000000
23.633750	15.932367	0.055965	0.000000	0.000000
23.766250	15.876757	0.056768	0.000000	0.000000
23.898750	15.904643	0.056752	0.000000	0.000000
24.031250	15.901289	0.057524	0.000000	0.000000
24.163750	15.889061	0.056183	0.000000	0.000000
24.296250	15.874570	0.056089	0.000000	0.000000
24.428750	15.891843	0.056700	0.000000	0.000000
24.561250	15.898587	0.056919	0.000000	0.000000
24.693750	15.892851	0.056755	0.000000	0.000000
24.826250	15.894457	0.057609	0.000000	0.000000
24.958750	15.908417	0.057238	0.000000	0.000000
25.091250	15.914511	0.057759	0.000000	0.000000
25.223750	15.871594	0.057619	0.000000	0.000000
25.356250	15.874260	0.057365	0.000000	0.000000
25.488750	15.884372	0.056974	0.000000	0.000000
25.621250	15.860454	0.057740	0.000000	0.000000
25.753750	15.848622	0.057266	0.000000	0.000000
25.886250	15.888544	0.058199	0.000000	0.000000
26.018750	15.931560	0.058036	0.000000	0.000000
26.151250	15.937014	0.058148	0.000000	0.000000
26.283750	15.967842	0.058491	0.000000	0.000000
26.416250	15.971847	0.058543	0.000000	0.000000
26.548750	15.975904	0.059028	0.000000	0.000000
26.681250	15.959175	0.059272	0.000000	0.000000
26.813750	15.953530	0.059704	0.000000	0.000000
26.946250	15.978241	0.059715	0.000000	0.000000
27.078750	15.983761	0.059249	0.000000	0.000000
27.211250	15.959557	0.059481	0.000000	0.000000
27.343750	15.964603	0.060230	0.000000	0.000000
27.476250	15.977556	0.059567	0.000000	0.000000
27.608750	15.964580	0.059566	0.000000	0.000000
27.741250	15.940260	0.060810	0.000000	0.000000
27.873750	15.944404	0.061361	0.000000	0.000000
28.006250	15.947832	0.061162	0.000000	0.000000
28.138750	15.925207	0.061362	0.000000	0.000000
28.271250	15.892510	0.062300	0.000000	0.000000
28.403750	15.820351	0.062204	0.000000	0.000000
28.536250	15.813709	0.073361	0.000000	0.000000
28.668750	15.598443	0.186451	0.000000	0.000000
28.801250	14.560959	nan	0.000000	0.000000
28.933750	inf	nan	0.000000	0.000000
#Window		Free	+/-	
#0	0.000000	0.000000
#1	-2.873821	0.004522
#2	-3.775960	0.007341
#3	-2.948746	0.010017
#4	-1.461227	0.013172
#5	-0.090334	0.016488
#6	1.039143	0.018743
#7	1.826512	0.020067
#8	2.662215	0.020009
#9	3.749560	0.021397
#10	4.995215	0.021929
#11	6.055473	0.023358
#12	6.919205	0.024648
#13	7.751995	0.025832
#14	8.461965	0.027687
#15	9.026218	0.029440
#16	9.530365	0.031211
#17	9.797584	0.031464
#18	9.791477	0.032979
#19	9.884379	0.034261
#20	9.832568	0.035535
#21	9.607705	0.035613
#22	9.552989	0.036825
#23	9.567705	0.038121
#24	9.544651	0.038882
#25	9.645360	0.039559
#26	9.932905	0.040141
#27	10.155828	0.040409
#28	10.311197	0.040232
#29	10.456181	0.041120
#30	10.524725	0.043362
#31	10.517767	0.045713
#32	10.569713	0.048092
#33	10.705980	0.049631
#34	11.030399	0.050259
#35	11.341090	0.051659
#36	11.440003	0.051911
#37	11.621033	0.052676
#38	11.829249	0.053524
#39	11.933682	0.054214
#40	12.026504	0.055577
#41	12.028979	0.056438
#42	11.980174	0.057173
#43	11.975778	0.056997
#44	11.984193	0.057616
#45	11.956637	0.057590
#46	11.997644	0.058075
#47	12.051783	0.058953
#48	12.055324	0.059671
#49	12.049160	0.060025
#50	12.017685	0.061376
